Signal data for event #4698 with energy 103.71947430312626
<z>	<x>	<t>	<nph>
0	0	9	483.0
0	1	9	477.0
0	2	9	466.0
0	3	9	412.0
0	4	9	324.0
0	5	9	272.0
0	6	9	255.0
0	7	9	232.0
0	8	9	249.0
0	9	9	310.0
1	0	9	269.0
1	1	9	268.0
1	2	9	261.0
1	3	9	219.0
1	4	9	177.0
1	5	9	170.0
1	6	9	160.0
1	7	9	113.0
1	8	9	100.0
1	9	9	128.0
2	0	9	65.0
2	1	9	66.0
2	2	9	64.0
2	3	9	64.0
2	4	9	62.0
2	5	9	59.0
2	6	9	54.0
2	7	9	9.0
2	8	9	9.0
2	9	9	5.0
3	0	9	22.0
3	1	9	20.0
3	2	9	16.0
3	3	9	15.0
3	4	9	15.0
3	5	9	13.0
3	6	9	11.0
3	7	9	8.0
3	8	9	4.0
3	9	9	3.0
4	0	9	8.0
4	1	9	8.0
4	2	9	8.0
4	3	9	9.0
4	4	9	8.0
4	5	9	3.0
4	6	9	1.0
0	0	10	5.0
0	1	10	5.0
0	2	10	21.0
0	3	10	90.0
0	4	10	182.0
0	5	10	216.0
0	6	10	215.0
0	7	10	216.0
0	8	10	179.0
0	9	10	102.0
1	0	10	106.0
1	1	10	105.0
1	2	10	103.0
1	3	10	149.0
1	4	10	194.0
1	5	10	201.0
1	6	10	214.0
1	7	10	229.0
1	8	10	215.0
1	9	10	165.0
2	0	10	190.0
2	1	10	185.0
2	2	10	180.0
2	3	10	160.0
2	4	10	136.0
2	5	10	143.0
2	6	10	157.0
2	7	10	180.0
2	8	10	157.0
2	9	10	172.0
3	0	10	95.0
3	1	10	96.0
3	2	10	96.0
3	3	10	78.0
3	4	10	59.0
3	5	10	55.0
3	6	10	55.0
3	7	10	53.0
3	8	10	52.0
3	9	10	66.0
4	0	10	24.0
4	1	10	24.0
4	2	10	23.0
4	3	10	22.0
4	4	10	21.0
4	5	10	21.0
4	6	10	16.0
4	7	10	18.0
4	8	10	14.0
4	9	10	17.0
5	0	10	109.0
5	1	10	112.0
5	2	10	93.0
5	3	10	90.0
5	4	10	69.0
5	5	10	58.0
5	6	10	52.0
5	7	10	32.0
5	8	10	27.0
5	9	10	10.0
6	0	10	249.0
6	1	10	251.0
6	2	10	249.0
6	3	10	169.0
6	4	10	159.0
6	5	10	132.0
6	6	10	110.0
6	7	10	45.0
6	8	10	23.0
6	9	10	21.0
7	0	10	481.0
7	1	10	429.0
7	2	10	380.0
7	3	10	367.0
7	4	10	285.0
7	5	10	237.0
7	6	10	174.0
7	7	10	87.0
7	8	10	70.0
7	9	10	1.0
8	0	10	390.0
8	1	10	342.0
8	2	10	345.0
8	3	10	246.0
8	4	10	238.0
8	5	10	200.0
8	6	10	152.0
8	7	10	85.0
9	0	10	129.0
9	1	10	215.0
9	2	10	361.0
9	3	10	358.0
9	4	10	318.0
9	5	10	193.0
9	6	10	38.0
9	7	10	29.0
9	8	10	15.0
9	9	10	7.0
0	0	11	87.0
0	1	11	80.0
0	2	11	46.0
0	3	11	18.0
0	4	11	2.0
0	5	11	27.0
0	6	11	39.0
0	7	11	46.0
0	8	11	52.0
0	9	11	61.0
1	0	11	69.0
1	1	11	54.0
1	2	11	52.0
1	3	11	43.0
1	4	11	30.0
1	5	11	25.0
1	6	11	28.0
1	7	11	57.0
1	8	11	75.0
1	9	11	95.0
2	0	11	26.0
2	1	11	21.0
2	2	11	33.0
2	3	11	60.0
2	4	11	79.0
2	5	11	67.0
2	6	11	58.0
2	7	11	84.0
2	8	11	100.0
2	9	11	90.0
3	0	11	68.0
3	1	11	68.0
3	2	11	77.0
3	3	11	96.0
3	4	11	108.0
3	5	11	100.0
3	6	11	98.0
3	7	11	99.0
3	8	11	95.0
3	9	11	86.0
4	0	11	96.0
4	1	11	118.0
4	2	11	114.0
4	3	11	110.0
4	4	11	84.0
4	5	11	83.0
4	6	11	80.0
4	7	11	75.0
4	8	11	78.0
4	9	11	75.0
5	0	11	147.0
5	1	11	145.0
5	2	11	155.0
5	3	11	146.0
5	4	11	150.0
5	5	11	126.0
5	6	11	124.0
5	7	11	111.0
5	8	11	126.0
5	9	11	132.0
6	0	11	268.0
6	1	11	259.0
6	2	11	242.0
6	3	11	287.0
6	4	11	260.0
6	5	11	250.0
6	6	11	246.0
6	7	11	302.0
6	8	11	286.0
6	9	11	282.0
7	0	11	633.0
7	1	11	626.0
7	2	11	607.0
7	3	11	513.0
7	4	11	546.0
7	5	11	535.0
7	6	11	561.0
7	7	11	569.0
7	8	11	466.0
7	9	11	462.0
8	0	11	1595.0
8	1	11	1575.0
8	2	11	1484.0
8	3	11	1441.0
8	4	11	1307.0
8	5	11	1146.0
8	6	11	1023.0
8	7	11	1032.0
8	8	11	989.0
8	9	11	955.0
9	0	11	2494.0
9	1	11	2410.0
9	2	11	2194.0
9	3	11	2081.0
9	4	11	1876.0
9	5	11	1671.0
9	6	11	1477.0
9	7	11	1366.0
9	8	11	1424.0
9	9	11	1502.0
0	0	12	15.0
0	1	12	29.0
0	2	12	54.0
0	3	12	54.0
0	4	12	54.0
0	5	12	29.0
0	6	12	15.0
1	0	12	13.0
1	1	12	37.0
1	2	12	48.0
1	3	12	52.0
1	4	12	48.0
1	5	12	37.0
1	6	12	13.0
2	0	12	50.0
2	1	12	62.0
2	2	12	54.0
2	3	12	48.0
2	4	12	43.0
2	5	12	42.0
2	6	12	28.0
2	7	12	20.0
2	8	12	22.0
2	9	12	14.0
3	0	12	93.0
3	1	12	81.0
3	2	12	72.0
3	3	12	57.0
3	4	12	61.0
3	5	12	72.0
3	6	12	66.0
3	7	12	72.0
3	8	12	68.0
3	9	12	62.0
4	0	12	140.0
4	1	12	118.0
4	2	12	120.0
4	3	12	121.0
4	4	12	140.0
4	5	12	150.0
4	6	12	161.0
4	7	12	166.0
4	8	12	160.0
4	9	12	141.0
5	0	12	125.0
5	1	12	120.0
5	2	12	127.0
5	3	12	140.0
5	4	12	144.0
5	5	12	172.0
5	6	12	169.0
5	7	12	213.0
5	8	12	188.0
5	9	12	184.0
6	0	12	322.0
6	1	12	331.0
6	2	12	335.0
6	3	12	365.0
6	4	12	370.0
6	5	12	335.0
6	6	12	288.0
6	7	12	288.0
6	8	12	349.0
6	9	12	367.0
7	0	12	442.0
7	1	12	511.0
7	2	12	560.0
7	3	12	632.0
7	4	12	646.0
7	5	12	633.0
7	6	12	604.0
7	7	12	641.0
7	8	12	767.0
7	9	12	769.0
8	0	12	248.0
8	1	12	315.0
8	2	12	406.0
8	3	12	513.0
8	4	12	643.0
8	5	12	778.0
8	6	12	898.0
8	7	12	895.0
8	8	12	974.0
8	9	12	968.0
9	0	12	134.0
9	1	12	141.0
9	2	12	252.0
9	3	12	382.0
9	4	12	564.0
9	5	12	772.0
9	6	12	990.0
9	7	12	1014.0
9	8	12	985.0
9	9	12	966.0
0	0	13	21.0
0	1	13	16.0
0	2	13	13.0
0	3	13	12.0
0	6	13	5.0
0	7	13	16.0
0	8	13	16.0
0	9	13	26.0
1	0	13	37.0
1	1	13	27.0
1	2	13	20.0
1	3	13	14.0
1	4	13	8.0
1	5	13	13.0
1	6	13	21.0
1	7	13	24.0
1	8	13	22.0
1	9	13	27.0
2	0	13	57.0
2	1	13	50.0
2	2	13	46.0
2	3	13	40.0
2	4	13	41.0
2	5	13	40.0
2	6	13	39.0
2	7	13	44.0
2	8	13	36.0
2	9	13	38.0
3	0	13	54.0
3	1	13	69.0
3	2	13	61.0
3	3	13	79.0
3	4	13	80.0
3	5	13	74.0
3	6	13	76.0
3	7	13	64.0
3	8	13	76.0
3	9	13	69.0
4	0	13	93.0
4	1	13	91.0
4	2	13	86.0
4	3	13	88.0
4	4	13	104.0
4	5	13	106.0
4	6	13	82.0
4	7	13	81.0
4	8	13	88.0
4	9	13	106.0
5	0	13	277.0
5	1	13	283.0
5	2	13	271.0
5	3	13	258.0
5	4	13	249.0
5	5	13	273.0
5	6	13	281.0
5	7	13	268.0
5	8	13	229.0
5	9	13	235.0
6	0	13	323.0
6	1	13	345.0
6	2	13	351.0
6	3	13	340.0
6	4	13	340.0
6	5	13	406.0
6	6	13	461.0
6	7	13	451.0
6	8	13	395.0
6	9	13	372.0
7	0	13	256.0
7	1	13	259.0
7	2	13	265.0
7	3	13	274.0
7	4	13	268.0
7	5	13	320.0
7	6	13	351.0
7	7	13	351.0
7	8	13	357.0
7	9	13	432.0
8	0	13	359.0
8	1	13	341.0
8	2	13	292.0
8	3	13	259.0
8	4	13	232.0
8	5	13	268.0
8	6	13	268.0
8	7	13	265.0
8	8	13	284.0
8	9	13	305.0
9	0	13	456.0
9	1	13	398.0
9	2	13	280.0
9	3	13	174.0
9	4	13	227.0
9	5	13	250.0
9	6	13	255.0
9	7	13	257.0
9	8	13	188.0
9	9	13	88.0
0	0	14	4.0
0	1	14	4.0
0	2	14	4.0
0	3	14	4.0
0	4	14	18.0
0	5	14	24.0
0	6	14	22.0
0	7	14	25.0
0	8	14	20.0
0	9	14	5.0
1	0	14	20.0
1	1	14	19.0
1	2	14	20.0
1	3	14	25.0
1	4	14	32.0
1	5	14	39.0
1	6	14	38.0
1	7	14	38.0
1	8	14	34.0
1	9	14	28.0
2	0	14	27.0
2	1	14	41.0
2	2	14	40.0
2	3	14	43.0
2	4	14	38.0
2	5	14	44.0
2	6	14	53.0
2	7	14	48.0
2	8	14	54.0
2	9	14	58.0
3	0	14	60.0
3	1	14	56.0
3	2	14	81.0
3	3	14	67.0
3	4	14	49.0
3	5	14	48.0
3	6	14	49.0
3	7	14	58.0
3	8	14	56.0
3	9	14	62.0
4	0	14	193.0
4	1	14	181.0
4	2	14	184.0
4	3	14	186.0
4	4	14	175.0
4	5	14	163.0
4	6	14	168.0
4	7	14	169.0
4	8	14	152.0
4	9	14	162.0
5	0	14	245.0
5	1	14	230.0
5	2	14	227.0
5	3	14	237.0
5	4	14	246.0
5	5	14	231.0
5	6	14	226.0
5	7	14	218.0
5	8	14	249.0
5	9	14	264.0
6	0	14	234.0
6	1	14	197.0
6	2	14	203.0
6	3	14	191.0
6	4	14	188.0
6	5	14	190.0
6	6	14	193.0
6	7	14	179.0
6	8	14	174.0
6	9	14	190.0
7	0	14	233.0
7	1	14	227.0
7	2	14	228.0
7	3	14	199.0
7	4	14	202.0
7	5	14	157.0
7	6	14	150.0
7	7	14	125.0
7	8	14	77.0
7	9	14	61.0
8	0	14	199.0
8	1	14	211.0
8	2	14	244.0
8	3	14	232.0
8	4	14	195.0
8	5	14	123.0
8	6	14	76.0
8	7	14	49.0
8	8	14	20.0
8	9	14	11.0
9	0	14	217.0
9	1	14	208.0
9	2	14	233.0
9	3	14	254.0
9	4	14	151.0
9	5	14	122.0
9	6	14	79.0
9	7	14	38.0
9	8	14	12.0
9	9	14	11.0
0	0	15	23.0
0	1	15	27.0
0	2	15	28.0
0	3	15	29.0
0	4	15	28.0
0	5	15	21.0
0	6	15	25.0
0	7	15	27.0
0	8	15	37.0
0	9	15	37.0
1	0	15	28.0
1	1	15	29.0
1	2	15	30.0
1	3	15	30.0
1	4	15	33.0
1	5	15	27.0
1	6	15	25.0
1	7	15	30.0
1	8	15	38.0
1	9	15	37.0
2	0	15	57.0
2	1	15	52.0
2	2	15	47.0
2	3	15	48.0
2	4	15	48.0
2	5	15	45.0
2	6	15	44.0
2	7	15	36.0
2	8	15	39.0
2	9	15	30.0
3	0	15	104.0
3	1	15	113.0
3	2	15	99.0
3	3	15	109.0
3	4	15	114.0
3	5	15	110.0
3	6	15	111.0
3	7	15	110.0
3	8	15	119.0
3	9	15	113.0
4	0	15	125.0
4	1	15	135.0
4	2	15	136.0
4	3	15	146.0
4	4	15	135.0
4	5	15	129.0
4	6	15	133.0
4	7	15	144.0
4	8	15	163.0
4	9	15	150.0
5	0	15	134.0
5	1	15	128.0
5	2	15	128.0
5	3	15	134.0
5	4	15	123.0
5	5	15	100.0
5	6	15	86.0
5	7	15	88.0
5	8	15	96.0
5	9	15	88.0
6	0	15	145.0
6	1	15	134.0
6	2	15	118.0
6	3	15	111.0
6	4	15	124.0
6	5	15	98.0
6	6	15	76.0
6	7	15	72.0
6	8	15	58.0
6	9	15	57.0
7	0	15	137.0
7	1	15	118.0
7	2	15	96.0
7	3	15	94.0
7	4	15	83.0
7	5	15	92.0
7	6	15	84.0
7	7	15	85.0
7	8	15	74.0
7	9	15	67.0
8	0	15	90.0
8	1	15	88.0
8	2	15	70.0
8	3	15	81.0
8	4	15	67.0
8	5	15	66.0
8	6	15	79.0
8	7	15	84.0
8	8	15	102.0
8	9	15	99.0
9	0	15	29.0
9	1	15	71.0
9	2	15	72.0
9	3	15	73.0
9	4	15	70.0
9	5	15	42.0
9	6	15	51.0
9	7	15	67.0
9	8	15	107.0
9	9	15	112.0
0	0	16	36.0
0	1	16	36.0
0	2	16	40.0
0	3	16	36.0
0	4	16	33.0
0	5	16	37.0
0	6	16	35.0
0	7	16	31.0
0	8	16	27.0
0	9	16	31.0
1	0	16	50.0
1	1	16	51.0
1	2	16	49.0
1	3	16	44.0
1	4	16	37.0
1	5	16	38.0
1	6	16	36.0
1	7	16	32.0
1	8	16	28.0
1	9	16	30.0
2	0	16	65.0
2	1	16	63.0
2	2	16	63.0
2	3	16	59.0
2	4	16	60.0
2	5	16	62.0
2	6	16	68.0
2	7	16	69.0
2	8	16	64.0
2	9	16	69.0
3	0	16	68.0
3	1	16	70.0
3	2	16	71.0
3	3	16	69.0
3	4	16	63.0
3	5	16	71.0
3	6	16	81.0
3	7	16	86.0
3	8	16	76.0
3	9	16	76.0
4	0	16	68.0
4	1	16	78.0
4	2	16	77.0
4	3	16	57.0
4	4	16	55.0
4	5	16	66.0
4	6	16	61.0
4	7	16	62.0
4	8	16	51.0
4	9	16	56.0
5	0	16	50.0
5	1	16	60.0
5	2	16	63.0
5	3	16	46.0
5	4	16	61.0
5	5	16	61.0
5	6	16	52.0
5	7	16	55.0
5	8	16	53.0
5	9	16	63.0
6	0	16	43.0
6	1	16	53.0
6	2	16	48.0
6	3	16	58.0
6	4	16	60.0
6	5	16	60.0
6	6	16	60.0
6	7	16	64.0
6	8	16	70.0
6	9	16	73.0
7	0	16	40.0
7	1	16	39.0
7	2	16	40.0
7	3	16	52.0
7	4	16	65.0
7	5	16	73.0
7	6	16	76.0
7	7	16	78.0
7	8	16	83.0
7	9	16	80.0
8	0	16	29.0
8	1	16	32.0
8	2	16	28.0
8	3	16	40.0
8	4	16	52.0
8	5	16	76.0
8	6	16	91.0
8	7	16	98.0
8	8	16	88.0
8	9	16	65.0
9	0	16	27.0
9	1	16	32.0
9	2	16	28.0
9	3	16	28.0
9	4	16	38.0
9	5	16	77.0
9	6	16	95.0
9	7	16	101.0
9	8	16	81.0
9	9	16	66.0
0	0	17	42.0
0	1	17	45.0
0	2	17	41.0
0	3	17	44.0
0	4	17	41.0
0	5	17	33.0
0	6	17	31.0
0	7	17	33.0
0	8	17	30.0
0	9	17	27.0
1	0	17	40.0
1	1	17	37.0
1	2	17	39.0
1	3	17	40.0
1	4	17	49.0
1	5	17	51.0
1	6	17	51.0
1	7	17	55.0
1	8	17	52.0
1	9	17	48.0
2	0	17	50.0
2	1	17	39.0
2	2	17	38.0
2	3	17	44.0
2	4	17	57.0
2	5	17	60.0
2	6	17	51.0
2	7	17	53.0
2	8	17	50.0
2	9	17	47.0
3	0	17	56.0
3	1	17	40.0
3	2	17	42.0
3	3	17	46.0
3	4	17	53.0
3	5	17	48.0
3	6	17	38.0
3	7	17	32.0
3	8	17	37.0
3	9	17	30.0
4	0	17	33.0
4	1	17	27.0
4	2	17	29.0
4	3	17	41.0
4	4	17	41.0
4	5	17	30.0
4	6	17	32.0
4	7	17	30.0
4	8	17	35.0
4	9	17	35.0
5	0	17	25.0
5	1	17	25.0
5	2	17	23.0
5	3	17	42.0
5	4	17	32.0
5	5	17	33.0
5	6	17	37.0
5	7	17	43.0
5	8	17	48.0
5	9	17	46.0
6	0	17	13.0
6	1	17	12.0
6	2	17	20.0
6	3	17	23.0
6	4	17	25.0
6	5	17	33.0
6	6	17	47.0
6	7	17	47.0
6	8	17	51.0
6	9	17	46.0
7	0	17	16.0
7	1	17	18.0
7	2	17	26.0
7	3	17	28.0
7	4	17	30.0
7	5	17	35.0
7	6	17	37.0
7	7	17	37.0
7	8	17	40.0
7	9	17	47.0
8	0	17	38.0
8	1	17	34.0
8	2	17	48.0
8	3	17	39.0
8	4	17	41.0
8	5	17	35.0
8	6	17	34.0
8	7	17	34.0
8	8	17	36.0
8	9	17	55.0
9	0	17	53.0
9	1	17	51.0
9	2	17	57.0
9	3	17	59.0
9	4	17	48.0
9	5	17	35.0
9	6	17	42.0
9	7	17	47.0
9	8	17	48.0
9	9	17	52.0
0	0	18	39.0
0	1	18	41.0
0	2	18	41.0
0	3	18	44.0
0	4	18	46.0
0	5	18	49.0
0	6	18	49.0
0	7	18	45.0
0	8	18	52.0
0	9	18	54.0
1	0	18	33.0
1	1	18	37.0
1	2	18	38.0
1	3	18	36.0
1	4	18	29.0
1	5	18	28.0
1	6	18	28.0
1	7	18	26.0
1	8	18	28.0
1	9	18	29.0
2	0	18	25.0
2	1	18	35.0
2	2	18	39.0
2	3	18	36.0
2	4	18	30.0
2	5	18	26.0
2	6	18	35.0
2	7	18	33.0
2	8	18	39.0
2	9	18	37.0
3	0	18	15.0
3	1	18	19.0
3	2	18	18.0
3	3	18	17.0
3	4	18	20.0
3	5	18	25.0
3	6	18	30.0
3	7	18	24.0
3	8	18	25.0
3	9	18	30.0
4	0	18	14.0
4	1	18	15.0
4	2	18	18.0
4	3	18	16.0
4	4	18	19.0
4	5	18	25.0
4	6	18	25.0
4	7	18	26.0
4	8	18	29.0
4	9	18	34.0
5	0	18	20.0
5	1	18	20.0
5	2	18	24.0
5	3	18	20.0
5	4	18	19.0
5	5	18	20.0
5	6	18	21.0
5	7	18	19.0
5	8	18	20.0
5	9	18	21.0
6	0	18	32.0
6	1	18	34.0
6	2	18	30.0
6	3	18	27.0
6	4	18	24.0
6	5	18	22.0
6	6	18	18.0
6	7	18	14.0
6	8	18	12.0
6	9	18	12.0
7	0	18	47.0
7	1	18	41.0
7	2	18	35.0
7	3	18	35.0
7	4	18	29.0
7	5	18	29.0
7	6	18	24.0
7	7	18	19.0
7	8	18	18.0
7	9	18	18.0
8	0	18	44.0
8	1	18	41.0
8	2	18	45.0
8	3	18	44.0
8	4	18	41.0
8	5	18	34.0
8	6	18	29.0
8	7	18	23.0
8	8	18	26.0
8	9	18	26.0
9	0	18	38.0
9	1	18	41.0
9	2	18	49.0
9	3	18	48.0
9	4	18	45.0
9	5	18	33.0
9	6	18	24.0
9	7	18	25.0
9	8	18	25.0
9	9	18	29.0
0	0	19	37.0
0	1	19	44.0
0	2	19	46.0
0	3	19	47.0
0	4	19	46.0
0	5	19	43.0
0	6	19	40.0
0	7	19	46.0
0	8	19	45.0
0	9	19	44.0
1	0	19	27.0
1	1	19	27.0
1	2	19	31.0
1	3	19	31.0
1	4	19	35.0
1	5	19	35.0
1	6	19	37.0
1	7	19	39.0
1	8	19	40.0
1	9	19	36.0
2	0	19	21.0
2	1	19	20.0
2	2	19	20.0
2	3	19	20.0
2	4	19	21.0
2	5	19	22.0
2	6	19	19.0
2	7	19	25.0
2	8	19	20.0
2	9	19	17.0
3	0	19	22.0
3	1	19	21.0
3	2	19	20.0
3	3	19	18.0
3	4	19	20.0
3	5	19	22.0
3	6	19	21.0
3	7	19	31.0
3	8	19	27.0
3	9	19	21.0
4	0	19	18.0
4	1	19	15.0
4	2	19	16.0
4	3	19	14.0
4	4	19	18.0
4	5	19	13.0
4	6	19	15.0
4	7	19	12.0
4	8	19	12.0
4	9	19	7.0
5	0	19	14.0
5	1	19	16.0
5	2	19	17.0
5	3	19	16.0
5	4	19	16.0
5	5	19	9.0
5	6	19	8.0
5	7	19	6.0
5	8	19	9.0
5	9	19	6.0
6	0	19	22.0
6	1	19	20.0
6	2	19	23.0
6	3	19	19.0
6	4	19	16.0
6	5	19	14.0
6	6	19	12.0
6	7	19	14.0
6	8	19	10.0
6	9	19	9.0
7	0	19	21.0
7	1	19	27.0
7	2	19	25.0
7	3	19	22.0
7	4	19	23.0
7	5	19	20.0
7	6	19	21.0
7	7	19	18.0
7	8	19	17.0
7	9	19	14.0
8	0	19	24.0
8	1	19	27.0
8	2	19	18.0
8	3	19	17.0
8	4	19	18.0
8	5	19	21.0
8	6	19	21.0
8	7	19	24.0
8	8	19	22.0
8	9	19	18.0
9	0	19	18.0
9	1	19	16.0
9	2	19	10.0
9	3	19	8.0
9	4	19	16.0
9	5	19	28.0
9	6	19	29.0
9	7	19	30.0
9	8	19	24.0
9	9	19	15.0
0	0	20	39.0
0	1	20	33.0
0	2	20	33.0
0	3	20	32.0
0	4	20	36.0
0	5	20	36.0
0	6	20	33.0
0	7	20	32.0
0	8	20	33.0
0	9	20	38.0
1	0	20	34.0
1	1	20	36.0
1	2	20	34.0
1	3	20	37.0
1	4	20	32.0
1	5	20	35.0
1	6	20	37.0
1	7	20	33.0
1	8	20	31.0
1	9	20	34.0
2	0	20	18.0
2	1	20	19.0
2	2	20	19.0
2	3	20	25.0
2	4	20	21.0
2	5	20	24.0
2	6	20	28.0
2	7	20	24.0
2	8	20	28.0
2	9	20	29.0
3	0	20	14.0
3	1	20	18.0
3	2	20	18.0
3	3	20	21.0
3	4	20	15.0
3	5	20	10.0
3	6	20	9.0
3	7	20	5.0
3	8	20	8.0
3	9	20	9.0
4	0	20	18.0
4	1	20	18.0
4	2	20	10.0
4	3	20	16.0
4	4	20	14.0
4	5	20	15.0
4	6	20	14.0
4	7	20	11.0
4	8	20	13.0
4	9	20	12.0
5	0	20	7.0
5	1	20	7.0
5	2	20	4.0
5	3	20	3.0
5	4	20	6.0
5	5	20	9.0
5	6	20	10.0
5	7	20	16.0
5	8	20	15.0
5	9	20	14.0
6	0	20	2.0
6	1	20	3.0
6	2	20	2.0
6	3	20	6.0
6	4	20	7.0
6	5	20	10.0
6	6	20	19.0
6	7	20	25.0
6	8	20	29.0
6	9	20	31.0
7	0	20	1.0
7	2	20	2.0
7	3	20	2.0
7	4	20	5.0
7	5	20	5.0
7	6	20	8.0
7	7	20	14.0
7	8	20	16.0
7	9	20	16.0
8	0	20	1.0
8	2	20	2.0
8	3	20	3.0
8	4	20	3.0
8	5	20	2.0
8	6	20	2.0
8	7	20	4.0
8	8	20	7.0
8	9	20	12.0
9	0	20	1.0
9	1	20	1.0
9	2	20	1.0
9	3	20	3.0
9	4	20	3.0
9	5	20	3.0
9	6	20	1.0
9	7	20	4.0
9	8	20	7.0
9	9	20	13.0
0	0	21	2.0
0	1	21	6.0
0	2	21	5.0
0	3	21	6.0
0	4	21	2.0
0	5	21	3.0
0	6	21	6.0
0	7	21	2.0
0	8	21	3.0
0	9	21	2.0
1	0	21	5.0
1	1	21	2.0
1	2	21	2.0
1	3	21	2.0
1	4	21	4.0
1	5	21	2.0
1	7	21	1.0
1	8	21	3.0
1	9	21	3.0
2	0	21	1.0
2	1	21	3.0
2	2	21	2.0
2	3	21	2.0
2	4	21	3.0
2	5	21	1.0
2	7	21	1.0
2	8	21	2.0
2	9	21	2.0
3	0	21	1.0
3	4	21	1.0
3	5	21	1.0
3	7	21	1.0
3	9	21	2.0
4	1	21	2.0
4	2	21	3.0
4	3	21	3.0
4	4	21	1.0
4	5	21	2.0
4	6	21	2.0
4	7	21	2.0
4	8	21	2.0
4	9	21	3.0
5	0	21	5.0
5	1	21	4.0
5	2	21	5.0
5	3	21	6.0
5	4	21	4.0
5	5	21	4.0
5	6	21	5.0
5	7	21	4.0
5	8	21	3.0
5	9	21	3.0
6	0	21	2.0
6	1	21	4.0
6	2	21	3.0
6	3	21	1.0
6	4	21	2.0
6	5	21	2.0
7	0	21	2.0
7	1	21	1.0
7	2	21	2.0
7	3	21	3.0
7	4	21	1.0
7	5	21	1.0
7	6	21	2.0
8	2	21	1.0
8	3	21	1.0
8	4	21	1.0
8	5	21	2.0
8	6	21	2.0
8	7	21	2.0
8	8	21	2.0
8	9	21	2.0
4	1	22	1.0
4	4	22	1.0
5	1	22	2.0
7	1	22	2.0
8	1	22	1.0
8	4	22	1.0
5	2	23	1.0
5	3	23	1.0
5	4	23	1.0
5	5	23	1.0
5	6	23	2.0
5	7	23	2.0
5	8	23	2.0
5	9	23	2.0
6	1	23	1.0
6	2	23	1.0
6	3	23	1.0
6	4	23	2.0
6	5	23	2.0
6	6	23	2.0
6	7	23	2.0
6	8	23	2.0
6	9	23	2.0
7	2	23	1.0
7	3	23	1.0
7	4	23	1.0
7	5	23	1.0
7	6	23	2.0
7	7	23	2.0
7	8	23	2.0
7	9	23	2.0
9	1	30	1.0
9	2	30	1.0
9	3	30	1.0
9	4	30	1.0
9	5	30	1.0
9	6	30	1.0
9	7	30	1.0
8	2	34	1.0
8	3	34	1.0
8	4	34	1.0
8	5	34	1.0
8	6	34	1.0
8	7	34	2.0
8	8	34	2.0
8	9	34	2.0
9	1	34	1.0
9	2	34	2.0
9	3	34	2.0
9	4	34	2.0
9	5	34	2.0
9	6	34	3.0
9	7	34	4.0
9	8	34	4.0
9	9	34	4.0
7	0	38	1.0
7	1	38	1.0
7	2	38	1.0
7	3	38	1.0
8	0	38	2.0
8	1	38	2.0
8	2	38	2.0
8	3	38	1.0
8	4	38	1.0
8	5	38	1.0
9	0	38	1.0
9	1	38	1.0
9	2	38	1.0
9	3	38	1.0
9	8	43	7.0
9	9	43	15.0
8	4	44	2.0
8	5	44	4.0
8	6	44	3.0
8	7	44	2.0
8	8	44	3.0
8	9	44	4.0
9	1	44	1.0
9	2	44	2.0
9	3	44	5.0
9	4	44	10.0
9	5	44	13.0
9	6	44	13.0
9	7	44	12.0
9	8	44	9.0
9	9	44	5.0
8	1	45	1.0
8	2	45	1.0
8	3	45	1.0
8	7	45	1.0
8	8	45	1.0
8	9	45	1.0
9	0	45	1.0
9	1	45	1.0
9	2	45	1.0
9	3	45	1.0
9	7	45	1.0
9	8	45	1.0
9	9	45	2.0
8	1	68	1.0
9	0	68	4.0
9	1	68	4.0
9	2	68	3.0
9	3	68	2.0
9	4	68	1.0
9	5	68	1.0
7	0	69	1.0
7	1	69	1.0
7	2	69	1.0
8	0	69	2.0
8	1	69	2.0
8	2	69	2.0
8	3	69	2.0
8	4	69	2.0
8	5	69	1.0
8	6	69	1.0
8	7	69	1.0
9	0	69	2.0
9	1	69	1.0
9	2	69	2.0
9	3	69	3.0
9	4	69	3.0
9	5	69	2.0
9	6	69	2.0
9	7	69	2.0
9	8	69	1.0
7	0	95	1.0
7	1	95	1.0
7	2	95	2.0
7	3	95	1.0
7	4	95	1.0
7	1	98	1.0
7	2	98	1.0
7	3	98	1.0
6	4	99	2.0
6	5	99	2.0
6	6	99	2.0
9	7	99	3.0
9	8	99	12.0
9	9	99	3.0
