Signal data for event #13266
<Z>	<X>	<TIMESTEP>	<PHOTONS>
0	9	9	15.0
1	5	9	3.0
1	6	9	20.0
1	7	9	75.0
1	8	9	333.0
1	9	9	1271.0
2	6	9	88.0
2	7	9	372.0
2	8	9	1530.0
2	9	9	5691.0
3	7	9	62.0
3	8	9	350.0
3	9	9	1343.0
4	7	9	47.0
4	8	9	676.0
4	9	9	2920.0
5	9	9	557.0
6	9	9	48.0
0	5	10	1.0
0	6	10	3.0
0	7	10	6.0
0	8	10	15.0
0	9	10	11.0
1	3	10	1.0
1	4	10	8.0
1	5	10	31.0
1	6	10	54.0
1	7	10	76.0
1	8	10	115.0
1	9	10	157.0
2	2	10	1.0
2	3	10	10.0
2	4	10	38.0
2	5	10	74.0
2	6	10	71.0
2	7	10	38.0
2	8	10	40.0
2	9	10	42.0
3	3	10	1.0
3	4	10	12.0
3	5	10	50.0
3	6	10	103.0
3	7	10	132.0
3	8	10	168.0
3	9	10	223.0
4	3	10	2.0
4	4	10	10.0
4	5	10	31.0
4	6	10	79.0
4	7	10	157.0
4	8	10	127.0
4	9	10	59.0
5	2	10	5.0
5	3	10	12.0
5	4	10	32.0
5	5	10	69.0
5	6	10	78.0
5	7	10	139.0
5	8	10	467.0
5	9	10	1079.0
6	1	10	1.0
6	2	10	3.0
6	3	10	18.0
6	4	10	82.0
6	5	10	296.0
6	6	10	83.0
6	7	10	30.0
6	8	10	37.0
6	9	10	42.0
7	4	10	2.0
7	5	10	2.0
7	6	10	2.0
8	7	10	127.0
8	8	10	723.0
8	9	10	2777.0
9	7	10	22.0
9	8	10	6143.0
9	9	10	28406.0
0	3	11	1.0
0	4	11	3.0
0	5	11	4.0
0	6	11	4.0
0	7	11	4.0
0	8	11	4.0
0	9	11	4.0
1	0	11	1.0
1	1	11	3.0
1	2	11	4.0
1	3	11	3.0
1	4	11	1.0
2	0	11	4.0
2	1	11	4.0
2	2	11	3.0
2	3	11	1.0
3	0	11	1.0
3	1	11	3.0
3	2	11	4.0
3	3	11	3.0
3	4	11	3.0
3	5	11	1.0
4	1	11	2.0
4	2	11	2.0
4	3	11	3.0
4	4	11	9.0
4	5	11	12.0
4	6	11	13.0
4	7	11	8.0
4	8	11	6.0
4	9	11	6.0
5	0	11	2.0
5	1	11	3.0
5	2	11	1.0
5	3	11	4.0
5	4	11	7.0
5	5	11	3.0
5	7	11	1.0
5	8	11	1.0
5	9	11	5.0
6	0	11	1.0
6	1	11	2.0
6	2	11	2.0
6	3	11	2.0
6	4	11	6.0
6	5	11	8.0
6	6	11	9.0
6	7	11	4.0
6	8	11	2.0
6	9	11	3.0
7	1	11	1.0
7	2	11	1.0
7	3	11	1.0
7	5	11	9.0
7	6	11	22.0
7	7	11	35.0
7	8	11	54.0
7	9	11	71.0
8	3	11	7.0
8	4	11	16.0
8	5	11	35.0
8	6	11	204.0
8	7	11	383.0
8	8	11	523.0
8	9	11	688.0
9	0	11	5.0
9	1	11	18.0
9	2	11	83.0
9	3	11	313.0
9	4	11	193.0
9	5	11	336.0
9	6	11	807.0
9	7	11	2105.0
9	8	11	1850.0
9	9	11	768.0
6	3	12	1.0
6	4	12	14.0
6	5	12	21.0
6	6	12	31.0
6	7	12	36.0
6	8	12	32.0
6	9	12	32.0
7	0	12	1.0
7	1	12	3.0
7	2	12	5.0
7	3	12	8.0
7	4	12	28.0
7	5	12	46.0
7	6	12	52.0
7	7	12	58.0
7	8	12	61.0
7	9	12	63.0
8	0	12	5.0
8	1	12	22.0
8	2	12	54.0
8	3	12	73.0
8	4	12	116.0
8	5	12	179.0
8	6	12	138.0
8	7	12	76.0
8	8	12	89.0
8	9	12	93.0
9	0	12	20.0
9	1	12	63.0
9	2	12	114.0
9	3	12	172.0
9	4	12	185.0
9	5	12	179.0
9	6	12	136.0
9	7	12	72.0
9	8	12	73.0
9	9	12	78.0
1	5	13	1.0
1	6	13	2.0
1	7	13	2.0
1	8	13	2.0
1	9	13	2.0
2	3	13	1.0
2	4	13	2.0
2	5	13	2.0
2	6	13	5.0
2	7	13	8.0
2	8	13	9.0
2	9	13	9.0
3	5	13	1.0
3	6	13	2.0
3	7	13	2.0
3	8	13	2.0
3	9	13	2.0
4	5	13	1.0
4	6	13	1.0
4	7	13	1.0
4	8	13	1.0
4	9	13	1.0
5	0	13	1.0
5	1	13	1.0
5	2	13	3.0
5	3	13	4.0
5	4	13	6.0
5	5	13	8.0
5	6	13	10.0
5	7	13	12.0
5	8	13	12.0
5	9	13	11.0
6	0	13	5.0
6	1	13	5.0
6	2	13	6.0
6	3	13	11.0
6	4	13	8.0
6	5	13	12.0
6	6	13	16.0
6	7	13	20.0
6	8	13	22.0
6	9	13	19.0
7	0	13	24.0
7	1	13	23.0
7	2	13	26.0
7	3	13	33.0
7	4	13	31.0
7	5	13	38.0
7	6	13	45.0
7	7	13	47.0
7	8	13	34.0
7	9	13	35.0
8	0	13	65.0
8	1	13	54.0
8	2	13	37.0
8	3	13	40.0
8	4	13	29.0
8	5	13	16.0
8	6	13	11.0
8	7	13	11.0
8	8	13	11.0
8	9	13	12.0
9	0	13	93.0
9	1	13	60.0
9	2	13	36.0
9	3	13	23.0
9	4	13	13.0
9	5	13	5.0
0	0	14	4.0
0	1	14	4.0
0	2	14	4.0
0	3	14	5.0
0	4	14	6.0
0	5	14	6.0
0	6	14	6.0
0	7	14	6.0
0	8	14	6.0
0	9	14	6.0
1	0	14	7.0
1	1	14	6.0
1	2	14	6.0
1	3	14	5.0
1	4	14	4.0
1	5	14	5.0
1	6	14	5.0
1	7	14	6.0
1	8	14	6.0
1	9	14	6.0
2	0	14	8.0
2	1	14	7.0
2	2	14	6.0
2	3	14	5.0
2	4	14	4.0
2	5	14	6.0
2	6	14	4.0
2	7	14	1.0
2	8	14	2.0
2	9	14	2.0
3	0	14	7.0
3	1	14	6.0
3	2	14	7.0
3	3	14	7.0
3	4	14	6.0
3	5	14	7.0
3	6	14	7.0
3	7	14	8.0
3	8	14	8.0
3	9	14	8.0
4	0	14	4.0
4	1	14	5.0
4	2	14	7.0
4	3	14	7.0
4	4	14	7.0
4	5	14	7.0
4	6	14	7.0
4	7	14	10.0
4	8	14	10.0
4	9	14	11.0
5	0	14	1.0
5	1	14	1.0
5	2	14	20.0
5	3	14	30.0
5	4	14	35.0
5	5	14	42.0
5	6	14	47.0
5	7	14	40.0
5	8	14	33.0
5	9	14	45.0
6	0	14	19.0
6	1	14	32.0
6	2	14	43.0
6	3	14	55.0
6	4	14	74.0
6	5	14	93.0
6	6	14	104.0
6	7	14	104.0
6	8	14	92.0
6	9	14	75.0
7	0	14	10.0
7	1	14	12.0
7	2	14	31.0
7	3	14	36.0
7	4	14	43.0
7	5	14	39.0
7	6	14	44.0
7	7	14	36.0
7	8	14	40.0
7	9	14	47.0
8	0	14	5.0
8	1	14	9.0
8	2	14	9.0
8	3	14	11.0
8	4	14	15.0
8	5	14	14.0
8	6	14	14.0
8	7	14	13.0
8	8	14	13.0
8	9	14	12.0
9	0	14	5.0
9	1	14	7.0
9	2	14	7.0
9	3	14	12.0
9	4	14	18.0
9	5	14	17.0
9	6	14	16.0
9	7	14	14.0
9	8	14	12.0
9	9	14	13.0
0	0	15	4.0
0	1	15	5.0
0	2	15	6.0
0	3	15	5.0
0	4	15	4.0
0	5	15	4.0
0	6	15	3.0
0	7	15	2.0
0	8	15	1.0
1	0	15	4.0
1	1	15	4.0
1	2	15	3.0
1	3	15	3.0
1	4	15	4.0
1	5	15	4.0
1	6	15	4.0
1	7	15	4.0
1	8	15	4.0
1	9	15	3.0
2	3	15	1.0
2	4	15	2.0
2	5	15	2.0
2	6	15	2.0
2	7	15	3.0
2	8	15	4.0
2	9	15	5.0
3	3	15	1.0
3	4	15	2.0
3	5	15	2.0
3	6	15	2.0
3	7	15	2.0
3	8	15	2.0
3	9	15	1.0
4	1	15	3.0
4	2	15	6.0
4	3	15	8.0
4	4	15	9.0
4	5	15	9.0
4	6	15	9.0
4	7	15	9.0
4	8	15	7.0
4	9	15	8.0
5	0	15	20.0
5	1	15	22.0
5	2	15	5.0
5	3	15	3.0
5	4	15	2.0
5	5	15	5.0
5	6	15	7.0
5	7	15	11.0
5	8	15	18.0
5	9	15	7.0
6	0	15	13.0
6	1	15	14.0
6	2	15	15.0
6	3	15	14.0
6	4	15	17.0
6	5	15	21.0
6	6	15	24.0
6	7	15	21.0
6	8	15	23.0
6	9	15	27.0
7	0	15	30.0
7	1	15	35.0
7	2	15	20.0
7	3	15	57.0
7	4	15	93.0
7	5	15	105.0
7	6	15	113.0
7	7	15	125.0
7	8	15	132.0
7	9	15	122.0
8	0	15	62.0
8	1	15	100.0
8	2	15	109.0
8	3	15	153.0
8	4	15	195.0
8	5	15	202.0
8	6	15	214.0
8	7	15	220.0
8	8	15	224.0
8	9	15	228.0
9	0	15	177.0
9	1	15	182.0
9	2	15	194.0
9	3	15	206.0
9	4	15	213.0
9	5	15	222.0
9	6	15	232.0
9	7	15	238.0
9	8	15	247.0
9	9	15	248.0
0	6	16	1.0
0	7	16	1.0
0	8	16	2.0
0	9	16	3.0
1	2	16	1.0
1	3	16	2.0
1	4	16	1.0
1	8	16	1.0
1	9	16	3.0
2	0	16	1.0
2	1	16	1.0
2	2	16	2.0
2	3	16	2.0
2	4	16	2.0
2	5	16	2.0
2	6	16	2.0
2	7	16	1.0
2	8	16	1.0
2	9	16	1.0
3	8	16	1.0
3	9	16	3.0
4	0	16	2.0
4	1	16	4.0
4	2	16	4.0
4	3	16	5.0
4	4	16	6.0
4	5	16	6.0
4	6	16	6.0
4	7	16	6.0
4	8	16	7.0
4	9	16	9.0
5	0	16	13.0
5	1	16	14.0
5	2	16	24.0
5	3	16	46.0
5	4	16	57.0
5	5	16	57.0
5	6	16	63.0
5	7	16	63.0
5	8	16	61.0
5	9	16	61.0
6	0	16	125.0
6	1	16	118.0
6	2	16	106.0
6	3	16	104.0
6	4	16	114.0
6	5	16	120.0
6	6	16	120.0
6	7	16	120.0
6	8	16	123.0
6	9	16	123.0
7	0	16	241.0
7	1	16	245.0
7	2	16	222.0
7	3	16	165.0
7	4	16	121.0
7	5	16	101.0
7	6	16	79.0
7	7	16	78.0
7	8	16	77.0
7	9	16	75.0
8	0	16	244.0
8	1	16	211.0
8	2	16	206.0
8	3	16	162.0
8	4	16	115.0
8	5	16	84.0
8	6	16	49.0
8	7	16	23.0
8	8	16	10.0
8	9	16	8.0
9	0	16	153.0
9	1	16	148.0
9	2	16	140.0
9	3	16	132.0
9	4	16	123.0
9	5	16	114.0
9	6	16	93.0
9	7	16	45.0
9	8	16	7.0
9	9	16	4.0
2	6	17	1.0
2	7	17	2.0
2	8	17	2.0
2	9	17	2.0
3	0	17	5.0
3	1	17	5.0
3	2	17	6.0
3	3	17	5.0
3	4	17	4.0
3	5	17	4.0
3	6	17	4.0
3	7	17	4.0
3	8	17	5.0
3	9	17	6.0
4	0	17	59.0
4	1	17	51.0
4	2	17	41.0
4	3	17	37.0
4	4	17	34.0
4	5	17	35.0
4	6	17	35.0
4	7	17	36.0
4	8	17	36.0
4	9	17	37.0
5	0	17	130.0
5	1	17	120.0
5	2	17	97.0
5	3	17	69.0
5	4	17	60.0
5	5	17	61.0
5	6	17	50.0
5	7	17	37.0
5	8	17	37.0
5	9	17	38.0
6	0	17	77.0
6	1	17	77.0
6	2	17	86.0
6	3	17	81.0
6	4	17	68.0
6	5	17	62.0
6	6	17	50.0
6	7	17	38.0
6	8	17	37.0
6	9	17	32.0
7	0	17	9.0
7	1	17	6.0
7	2	17	25.0
7	3	17	43.0
7	4	17	38.0
7	5	17	53.0
7	6	17	68.0
7	7	17	66.0
7	8	17	77.0
7	9	17	86.0
8	0	17	4.0
8	1	17	3.0
8	2	17	3.0
8	3	17	2.0
8	4	17	2.0
8	5	17	24.0
8	6	17	52.0
8	7	17	80.0
8	8	17	116.0
8	9	17	126.0
9	0	17	5.0
9	1	17	5.0
9	2	17	5.0
9	3	17	5.0
9	4	17	4.0
9	5	17	4.0
9	6	17	29.0
9	7	17	94.0
9	8	17	137.0
9	9	17	133.0
1	1	18	1.0
1	2	18	2.0
1	3	18	2.0
1	4	18	2.0
1	5	18	2.0
1	6	18	2.0
1	7	18	2.0
1	8	18	2.0
1	9	18	2.0
2	0	18	4.0
2	1	18	5.0
2	2	18	6.0
2	3	18	6.0
2	4	18	8.0
2	5	18	16.0
2	6	18	20.0
2	7	18	18.0
2	8	18	18.0
2	9	18	18.0
3	0	18	42.0
3	1	18	43.0
3	2	18	42.0
3	3	18	43.0
3	4	18	45.0
3	5	18	45.0
3	6	18	44.0
3	7	18	44.0
3	8	18	44.0
3	9	18	44.0
4	0	18	42.0
4	1	18	49.0
4	2	18	60.0
4	3	18	65.0
4	4	18	63.0
4	5	18	56.0
4	6	18	47.0
4	7	18	46.0
4	8	18	45.0
4	9	18	54.0
5	0	18	4.0
5	1	18	12.0
5	2	18	22.0
5	3	18	26.0
5	4	18	28.0
5	5	18	29.0
5	6	18	46.0
5	7	18	61.0
5	8	18	60.0
5	9	18	70.0
6	1	18	1.0
6	2	18	2.0
6	3	18	4.0
6	4	18	14.0
6	5	18	23.0
6	6	18	44.0
6	7	18	64.0
6	8	18	65.0
6	9	18	73.0
7	0	18	1.0
7	1	18	3.0
7	2	18	12.0
7	3	18	21.0
7	4	18	30.0
7	5	18	41.0
7	6	18	43.0
7	7	18	45.0
7	8	18	35.0
7	9	18	31.0
8	0	18	1.0
8	1	18	12.0
8	2	18	30.0
8	3	18	39.0
8	4	18	42.0
8	5	18	45.0
8	6	18	47.0
8	7	18	33.0
8	8	18	11.0
9	0	18	2.0
9	1	18	22.0
9	2	18	40.0
9	3	18	42.0
9	4	18	44.0
9	5	18	47.0
9	6	18	34.0
9	7	18	11.0
0	0	19	4.0
0	1	19	4.0
0	2	19	3.0
0	3	19	2.0
0	4	19	2.0
0	5	19	2.0
0	6	19	2.0
0	7	19	2.0
0	8	19	2.0
0	9	19	2.0
1	0	19	7.0
1	1	19	13.0
1	2	19	16.0
1	3	19	16.0
1	4	19	16.0
1	5	19	17.0
1	6	19	18.0
1	7	19	18.0
1	8	19	19.0
1	9	19	18.0
2	0	19	39.0
2	1	19	45.0
2	2	19	48.0
2	3	19	48.0
2	4	19	44.0
2	5	19	37.0
2	6	19	31.0
2	7	19	29.0
2	8	19	22.0
2	9	19	19.0
3	0	19	40.0
3	1	19	39.0
3	2	19	38.0
3	3	19	37.0
3	4	19	35.0
3	5	19	33.0
3	6	19	38.0
3	7	19	40.0
3	8	19	38.0
3	9	19	36.0
4	0	19	7.0
4	1	19	5.0
4	2	19	4.0
4	3	19	11.0
4	4	19	19.0
4	5	19	28.0
4	6	19	39.0
4	7	19	47.0
4	8	19	51.0
4	9	19	43.0
5	0	19	11.0
5	1	19	17.0
5	2	19	19.0
5	3	19	25.0
5	4	19	31.0
5	5	19	34.0
5	6	19	27.0
5	7	19	22.0
5	8	19	21.0
5	9	19	12.0
6	0	19	35.0
6	1	19	34.0
6	2	19	36.0
6	3	19	36.0
6	4	19	28.0
6	5	19	19.0
6	6	19	10.0
6	7	19	2.0
6	8	19	1.0
7	0	19	62.0
7	1	19	51.0
7	2	19	36.0
7	3	19	20.0
7	4	19	10.0
7	5	19	1.0
8	0	19	65.0
8	1	19	53.0
8	2	19	27.0
8	3	19	5.0
8	4	19	1.0
9	0	19	67.0
9	1	19	44.0
9	2	19	22.0
9	3	19	10.0
0	0	20	13.0
0	1	20	13.0
0	2	20	11.0
0	3	20	10.0
0	4	20	10.0
0	5	20	10.0
0	6	20	10.0
0	7	20	10.0
0	8	20	9.0
0	9	20	9.0
1	0	20	34.0
1	1	20	24.0
1	2	20	16.0
1	3	20	14.0
1	4	20	13.0
1	5	20	14.0
1	6	20	13.0
1	7	20	14.0
1	8	20	14.0
1	9	20	18.0
2	0	20	19.0
2	1	20	15.0
2	2	20	11.0
2	3	20	12.0
2	4	20	14.0
2	5	20	15.0
2	6	20	14.0
2	7	20	17.0
2	8	20	23.0
2	9	20	27.0
3	0	20	6.0
3	1	20	8.0
3	2	20	8.0
3	3	20	8.0
3	4	20	12.0
3	5	20	16.0
3	6	20	16.0
3	7	20	14.0
3	8	20	14.0
3	9	20	15.0
4	0	20	17.0
4	1	20	21.0
4	2	20	19.0
4	3	20	11.0
4	4	20	7.0
4	5	20	7.0
4	6	20	8.0
4	7	20	4.0
4	8	20	2.0
4	9	20	3.0
5	0	20	20.0
5	1	20	17.0
5	2	20	19.0
5	3	20	14.0
5	4	20	6.0
5	5	20	1.0
6	0	20	13.0
6	1	20	12.0
6	2	20	11.0
6	3	20	10.0
6	4	20	11.0
6	5	20	6.0
6	6	20	2.0
7	1	20	3.0
7	2	20	9.0
7	3	20	11.0
7	4	20	11.0
7	5	20	11.0
7	6	20	9.0
7	7	20	3.0
8	2	20	2.0
8	3	20	13.0
8	4	20	13.0
8	5	20	12.0
8	6	20	11.0
8	7	20	7.0
9	1	20	1.0
9	2	20	1.0
9	3	20	9.0
9	4	20	17.0
9	5	20	16.0
9	6	20	13.0
9	7	20	10.0
9	8	20	3.0
9	9	20	1.0
0	0	21	16.0
0	1	21	17.0
0	2	21	20.0
0	3	21	22.0
0	4	21	18.0
0	5	21	14.0
0	6	21	13.0
0	7	21	15.0
0	8	21	16.0
0	9	21	16.0
1	1	21	3.0
1	2	21	8.0
1	3	21	10.0
1	4	21	10.0
1	5	21	9.0
1	6	21	10.0
1	7	21	11.0
1	8	21	14.0
1	9	21	11.0
2	0	21	8.0
2	1	21	10.0
2	2	21	10.0
2	3	21	10.0
2	4	21	7.0
2	5	21	4.0
2	6	21	4.0
2	7	21	5.0
2	8	21	6.0
2	9	21	3.0
3	0	21	14.0
3	1	21	11.0
3	2	21	10.0
3	3	21	10.0
3	4	21	6.0
3	5	21	2.0
4	0	21	6.0
4	1	21	2.0
4	2	21	5.0
4	3	21	7.0
4	4	21	6.0
4	5	21	5.0
4	6	21	4.0
4	7	21	2.0
5	3	21	3.0
5	4	21	5.0
5	5	21	7.0
5	6	21	6.0
5	7	21	6.0
5	8	21	4.0
5	9	21	2.0
6	5	21	4.0
6	6	21	6.0
6	7	21	7.0
6	8	21	6.0
6	9	21	8.0
7	6	21	1.0
7	7	21	6.0
7	8	21	9.0
7	9	21	8.0
8	1	21	23.0
8	2	21	76.0
8	3	21	114.0
8	4	21	97.0
8	5	21	60.0
8	6	21	24.0
8	7	21	4.0
8	8	21	10.0
8	9	21	9.0
9	7	21	3.0
9	8	21	8.0
9	9	21	9.0
0	0	22	7.0
0	1	22	6.0
0	2	22	6.0
0	3	22	6.0
0	4	22	10.0
0	5	22	16.0
0	6	22	15.0
0	7	22	12.0
0	8	22	10.0
0	9	22	10.0
1	0	22	11.0
1	1	22	9.0
1	2	22	8.0
1	3	22	8.0
1	4	22	7.0
1	5	22	6.0
1	6	22	6.0
1	7	22	4.0
1	8	22	2.0
1	9	22	2.0
2	0	22	3.0
2	1	22	2.0
2	2	22	2.0
2	3	22	3.0
2	4	22	3.0
2	5	22	2.0
2	6	22	2.0
2	7	22	1.0
3	3	22	1.0
3	4	22	1.0
3	5	22	2.0
3	6	22	3.0
3	7	22	3.0
3	8	22	2.0
3	9	22	3.0
4	6	22	1.0
4	7	22	3.0
4	8	22	4.0
4	9	22	4.0
5	5	22	1.0
5	6	22	1.0
5	7	22	1.0
5	8	22	2.0
5	9	22	3.0
6	4	22	1.0
6	5	22	1.0
6	6	22	1.0
6	7	22	1.0
6	8	22	1.0
7	0	22	21.0
7	1	22	17.0
7	2	22	21.0
7	3	22	26.0
7	4	22	25.0
7	5	22	21.0
7	6	22	18.0
7	7	22	13.0
7	8	22	5.0
7	9	22	3.0
8	0	22	59.0
8	1	22	55.0
8	2	22	40.0
8	3	22	43.0
8	4	22	39.0
8	5	22	35.0
8	6	22	37.0
8	7	22	37.0
8	8	22	16.0
8	9	22	13.0
9	0	22	90.0
9	1	22	96.0
9	2	22	108.0
9	3	22	130.0
9	4	22	123.0
9	5	22	105.0
9	6	22	79.0
9	7	22	53.0
9	8	22	23.0
9	9	22	9.0
0	0	23	7.0
0	1	23	8.0
0	2	23	8.0
0	3	23	7.0
0	4	23	5.0
0	5	23	3.0
0	6	23	2.0
0	7	23	3.0
0	8	23	3.0
0	9	23	3.0
1	0	23	4.0
1	1	23	5.0
1	2	23	6.0
1	3	23	6.0
1	4	23	8.0
1	5	23	9.0
1	6	23	9.0
1	7	23	9.0
1	8	23	9.0
1	9	23	10.0
2	0	23	4.0
2	1	23	4.0
2	2	23	4.0
2	3	23	4.0
2	4	23	4.0
2	5	23	5.0
2	6	23	6.0
2	7	23	7.0
2	8	23	8.0
2	9	23	7.0
3	4	23	1.0
3	5	23	1.0
3	6	23	1.0
3	7	23	1.0
3	8	23	2.0
3	9	23	1.0
4	2	23	1.0
4	3	23	1.0
4	4	23	1.0
4	5	23	1.0
4	6	23	1.0
5	1	23	1.0
5	2	23	1.0
5	3	23	1.0
5	4	23	1.0
6	0	23	7.0
6	1	23	6.0
6	2	23	7.0
6	3	23	6.0
6	4	23	4.0
6	5	23	4.0
6	6	23	4.0
6	7	23	3.0
6	8	23	3.0
6	9	23	4.0
7	0	23	5.0
7	1	23	10.0
7	2	23	9.0
7	3	23	7.0
7	4	23	6.0
7	5	23	7.0
7	6	23	6.0
7	7	23	4.0
7	8	23	6.0
7	9	23	9.0
8	0	23	14.0
8	1	23	14.0
8	2	23	12.0
8	3	23	10.0
8	4	23	10.0
8	5	23	8.0
8	6	23	8.0
8	7	23	6.0
8	8	23	20.0
8	9	23	16.0
9	0	23	16.0
9	1	23	22.0
9	2	23	22.0
9	3	23	15.0
9	4	23	11.0
9	5	23	11.0
9	6	23	11.0
9	7	23	10.0
9	8	23	25.0
9	9	23	33.0
2	4	24	1.0
2	5	24	1.0
2	6	24	1.0
2	7	24	1.0
2	8	24	1.0
2	9	24	1.0
3	1	24	1.0
3	2	24	1.0
3	3	24	1.0
3	4	24	1.0
3	5	24	2.0
3	6	24	2.0
3	7	24	2.0
3	8	24	2.0
3	9	24	2.0
5	3	24	1.0
5	4	24	1.0
5	5	24	1.0
6	1	24	1.0
6	2	24	1.0
6	3	24	2.0
6	4	24	1.0
6	5	24	1.0
6	6	24	1.0
6	7	24	2.0
7	1	24	1.0
7	2	24	2.0
7	3	24	3.0
7	4	24	3.0
7	5	24	1.0
7	6	24	3.0
7	7	24	2.0
7	8	24	1.0
8	0	24	2.0
8	1	24	1.0
8	2	24	2.0
8	3	24	3.0
8	4	24	4.0
8	5	24	4.0
8	6	24	3.0
8	7	24	2.0
8	8	24	1.0
9	3	24	3.0
9	4	24	3.0
9	5	24	2.0
9	6	24	3.0
9	7	24	2.0
6	0	25	1.0
6	1	25	1.0
6	2	25	1.0
6	3	25	1.0
6	4	25	1.0
6	5	25	1.0
6	6	25	1.0
6	7	25	1.0
6	8	25	1.0
7	0	25	6.0
7	1	25	6.0
7	2	25	5.0
7	3	25	4.0
7	4	25	4.0
7	5	25	4.0
7	6	25	4.0
7	7	25	5.0
7	8	25	4.0
7	9	25	2.0
8	0	25	7.0
8	1	25	8.0
8	2	25	7.0
8	3	25	6.0
8	4	25	5.0
8	5	25	4.0
8	6	25	5.0
8	7	25	6.0
8	8	25	7.0
8	9	25	5.0
9	0	25	11.0
9	1	25	11.0
9	2	25	10.0
9	3	25	9.0
9	4	25	8.0
9	5	25	7.0
9	6	25	8.0
9	7	25	9.0
9	8	25	8.0
9	9	25	6.0
5	0	26	1.0
5	1	26	1.0
5	2	26	1.0
5	3	26	1.0
5	4	26	1.0
5	5	26	1.0
5	6	26	1.0
5	7	26	1.0
5	8	26	1.0
5	9	26	1.0
6	0	26	1.0
6	1	26	1.0
6	2	26	1.0
6	3	26	2.0
6	4	26	2.0
6	5	26	3.0
6	6	26	1.0
6	7	26	1.0
6	8	26	1.0
6	9	26	2.0
7	0	26	1.0
7	1	26	1.0
7	2	26	1.0
7	3	26	2.0
7	4	26	2.0
7	5	26	2.0
7	6	26	2.0
7	7	26	2.0
7	8	26	1.0
7	9	26	2.0
8	0	26	2.0
8	1	26	2.0
8	2	26	2.0
8	3	26	3.0
8	4	26	4.0
8	5	26	5.0
8	6	26	4.0
8	7	26	3.0
8	8	26	2.0
8	9	26	2.0
9	0	26	1.0
9	1	26	1.0
9	2	26	1.0
9	3	26	2.0
9	4	26	5.0
9	5	26	6.0
9	6	26	5.0
9	7	26	2.0
9	8	26	1.0
9	9	26	2.0
9	4	32	37.0
9	5	32	55.0
9	6	32	37.0
8	1	33	2.0
8	2	33	3.0
8	3	33	4.0
8	4	33	5.0
8	5	33	6.0
8	6	33	5.0
8	7	33	4.0
8	8	33	3.0
8	9	33	2.0
9	0	33	3.0
9	1	33	6.0
9	2	33	11.0
9	3	33	21.0
9	4	33	5.0
9	5	33	6.0
9	6	33	5.0
9	7	33	21.0
9	8	33	12.0
9	9	33	8.0
7	2	34	1.0
7	3	34	1.0
7	4	34	1.0
7	5	34	1.0
7	6	34	1.0
7	7	34	1.0
7	8	34	1.0
8	0	34	2.0
8	1	34	1.0
8	2	34	1.0
8	3	34	1.0
8	4	34	1.0
8	5	34	1.0
8	6	34	1.0
8	7	34	2.0
8	8	34	2.0
8	9	34	1.0
9	0	34	2.0
9	1	34	2.0
9	2	34	1.0
9	6	34	1.0
9	7	34	2.0
9	8	34	1.0
9	9	34	1.0
9	5	36	1.0
7	0	59	4.0
7	1	59	7.0
7	2	59	11.0
7	3	59	7.0
7	4	59	3.0
7	5	59	1.0
6	0	60	2.0
6	1	60	1.0
6	2	60	1.0
6	3	60	1.0
6	4	60	1.0
6	5	60	1.0
7	1	60	1.0
7	6	60	1.0
8	0	60	2.0
8	1	60	1.0
8	2	60	1.0
8	3	60	1.0
8	4	60	1.0
8	5	60	1.0
