Signal data for event #10827 with energy 999.1025453310803
<z>	<x>	<t>	<nph>
0	0	8	264.0
0	1	8	349.0
0	2	8	436.0
0	3	8	528.0
0	4	8	604.0
0	5	8	644.0
0	6	8	672.0
0	7	8	657.0
0	8	8	640.0
0	9	8	636.0
1	0	8	200.0
1	1	8	259.0
1	2	8	336.0
1	3	8	557.0
1	4	8	627.0
1	5	8	657.0
1	6	8	638.0
1	7	8	608.0
1	8	8	402.0
1	9	8	508.0
2	0	8	3.0
2	1	8	283.0
2	2	8	351.0
2	3	8	420.0
2	4	8	474.0
2	5	8	496.0
2	6	8	477.0
2	7	8	426.0
2	8	8	366.0
2	9	8	303.0
3	1	8	3.0
3	2	8	210.0
3	3	8	409.0
3	4	8	459.0
3	5	8	479.0
3	6	8	460.0
3	7	8	411.0
3	8	8	215.0
3	9	8	19.0
4	3	8	36.0
4	4	8	41.0
4	5	8	42.0
4	6	8	41.0
4	7	8	36.0
9	7	8	50.0
9	8	8	656.0
9	9	8	4665.0
0	0	9	336.0
0	1	9	300.0
0	2	9	258.0
0	3	9	270.0
0	4	9	243.0
0	5	9	276.0
0	6	9	239.0
0	7	9	264.0
0	8	9	247.0
0	9	9	266.0
1	0	9	385.0
1	1	9	356.0
1	2	9	401.0
1	3	9	203.0
1	4	9	248.0
1	5	9	221.0
1	6	9	291.0
1	7	9	296.0
1	8	9	469.0
1	9	9	283.0
2	0	9	606.0
2	1	9	361.0
2	2	9	306.0
2	3	9	289.0
2	4	9	242.0
2	5	9	339.0
2	6	9	370.0
2	7	9	441.0
2	8	9	454.0
2	9	9	486.0
3	0	9	536.0
3	1	9	571.0
3	2	9	387.0
3	3	9	176.0
3	4	9	188.0
3	5	9	205.0
3	6	9	300.0
3	7	9	353.0
3	8	9	502.0
3	9	9	723.0
4	0	9	416.0
4	1	9	489.0
4	2	9	464.0
4	3	9	494.0
4	4	9	542.0
4	5	9	566.0
4	6	9	561.0
4	7	9	631.0
4	8	9	629.0
4	9	9	672.0
5	0	9	268.0
5	1	9	243.0
5	2	9	336.0
5	3	9	518.0
5	4	9	564.0
5	5	9	587.0
5	6	9	580.0
5	7	9	547.0
5	8	9	452.0
5	9	9	451.0
6	0	9	40.0
6	1	9	230.0
6	2	9	293.0
6	3	9	337.0
6	4	9	371.0
6	5	9	434.0
6	6	9	375.0
6	7	9	349.0
6	8	9	308.0
6	9	9	294.0
7	1	9	45.0
7	2	9	62.0
7	3	9	352.0
7	4	9	384.0
7	5	9	398.0
7	6	9	390.0
7	7	9	370.0
7	8	9	92.0
7	9	9	72.0
8	3	9	32.0
8	4	9	63.0
8	5	9	151.0
8	6	9	798.0
8	7	9	1601.0
8	8	9	1950.0
8	9	9	2182.0
9	0	9	506.0
9	1	9	1835.0
9	2	9	9441.0
9	3	9	26067.0
9	4	9	15179.0
9	5	9	12977.0
9	6	9	14709.0
9	7	9	18162.0
9	8	9	20496.0
9	9	9	19647.0
0	0	10	346.0
0	1	10	289.0
0	2	10	293.0
0	3	10	261.0
0	4	10	300.0
0	5	10	298.0
0	6	10	324.0
0	7	10	295.0
0	8	10	341.0
0	9	10	290.0
1	0	10	303.0
1	1	10	324.0
1	2	10	275.0
1	3	10	323.0
1	4	10	301.0
1	5	10	351.0
1	6	10	314.0
1	7	10	315.0
1	8	10	309.0
1	9	10	322.0
2	0	10	240.0
2	1	10	239.0
2	2	10	315.0
2	3	10	345.0
2	4	10	400.0
2	5	10	323.0
2	6	10	311.0
2	7	10	240.0
2	8	10	278.0
2	9	10	285.0
3	0	10	155.0
3	1	10	182.0
3	2	10	266.0
3	3	10	359.0
3	4	10	405.0
3	5	10	393.0
3	6	10	307.0
3	7	10	234.0
3	8	10	215.0
3	9	10	135.0
4	0	10	257.0
4	1	10	172.0
4	2	10	284.0
4	3	10	330.0
4	4	10	339.0
4	5	10	334.0
4	6	10	331.0
4	7	10	221.0
4	8	10	232.0
4	9	10	177.0
5	0	10	335.0
5	1	10	423.0
5	2	10	360.0
5	3	10	269.0
5	4	10	252.0
5	5	10	277.0
5	6	10	257.0
5	7	10	298.0
5	8	10	375.0
5	9	10	376.0
6	0	10	578.0
6	1	10	395.0
6	2	10	373.0
6	3	10	383.0
6	4	10	432.0
6	5	10	371.0
6	6	10	477.0
6	7	10	490.0
6	8	10	495.0
6	9	10	510.0
7	0	10	771.0
7	1	10	890.0
7	2	10	1255.0
7	3	10	1352.0
7	4	10	1808.0
7	5	10	2209.0
7	6	10	2304.0
7	7	10	2444.0
7	8	10	2652.0
7	9	10	2415.0
8	0	10	6425.0
8	1	10	6715.0
8	2	10	7925.0
8	3	10	9480.0
8	4	10	11167.0
8	5	10	12477.0
8	6	10	13125.0
8	7	10	13337.0
8	8	10	14427.0
8	9	10	14936.0
9	0	10	14911.0
9	1	10	15436.0
9	2	10	16043.0
9	3	10	18119.0
9	4	10	18660.0
9	5	10	19846.0
9	6	10	21642.0
9	7	10	24090.0
9	8	10	27918.0
9	9	10	29146.0
0	0	11	235.0
0	1	11	306.0
0	2	11	300.0
0	3	11	317.0
0	4	11	328.0
0	5	11	294.0
0	6	11	285.0
0	7	11	286.0
0	8	11	225.0
0	9	11	242.0
1	0	11	329.0
1	1	11	301.0
1	2	11	304.0
1	3	11	312.0
1	4	11	273.0
1	5	11	268.0
1	6	11	270.0
1	7	11	263.0
1	8	11	262.0
1	9	11	277.0
2	0	11	338.0
2	1	11	380.0
2	2	11	353.0
2	3	11	351.0
2	4	11	349.0
2	5	11	331.0
2	6	11	333.0
2	7	11	355.0
2	8	11	299.0
2	9	11	299.0
3	0	11	472.0
3	1	11	436.0
3	2	11	393.0
3	3	11	403.0
3	4	11	338.0
3	5	11	357.0
3	6	11	340.0
3	7	11	371.0
3	8	11	427.0
3	9	11	462.0
4	0	11	424.0
4	1	11	478.0
4	2	11	418.0
4	3	11	389.0
4	4	11	394.0
4	5	11	396.0
4	6	11	388.0
4	7	11	425.0
4	8	11	430.0
4	9	11	439.0
5	0	11	460.0
5	1	11	416.0
5	2	11	430.0
5	3	11	399.0
5	4	11	443.0
5	5	11	422.0
5	6	11	465.0
5	7	11	452.0
5	8	11	434.0
5	9	11	439.0
6	0	11	939.0
6	1	11	1058.0
6	2	11	1258.0
6	3	11	1369.0
6	4	11	1621.0
6	5	11	1747.0
6	6	11	1857.0
6	7	11	1841.0
6	8	11	1847.0
6	9	11	1808.0
7	0	11	4431.0
7	1	11	4588.0
7	2	11	4583.0
7	3	11	4456.0
7	4	11	4530.0
7	5	11	4873.0
7	6	11	5337.0
7	7	11	5377.0
7	8	11	5489.0
7	9	11	5738.0
8	0	11	5994.0
8	1	11	6572.0
8	2	11	6911.0
8	3	11	7138.0
8	4	11	7040.0
8	5	11	7205.0
8	6	11	6917.0
8	7	11	6584.0
8	8	11	5527.0
8	9	11	4936.0
9	0	11	4563.0
9	1	11	5892.0
9	2	11	7646.0
9	3	11	8101.0
9	4	11	8270.0
9	5	11	7866.0
9	6	11	6365.0
9	7	11	4240.0
9	8	11	2924.0
9	9	11	2408.0
0	0	12	222.0
0	1	12	194.0
0	2	12	215.0
0	3	12	213.0
0	4	12	188.0
0	5	12	202.0
0	6	12	222.0
0	7	12	217.0
0	8	12	235.0
0	9	12	222.0
1	0	12	199.0
1	1	12	193.0
1	2	12	221.0
1	3	12	223.0
1	4	12	220.0
1	5	12	230.0
1	6	12	215.0
1	7	12	202.0
1	8	12	214.0
1	9	12	230.0
2	0	12	245.0
2	1	12	201.0
2	2	12	205.0
2	3	12	205.0
2	4	12	219.0
2	5	12	204.0
2	6	12	199.0
2	7	12	196.0
2	8	12	236.0
2	9	12	237.0
3	0	12	254.0
3	1	12	259.0
3	2	12	248.0
3	3	12	222.0
3	4	12	195.0
3	5	12	213.0
3	6	12	233.0
3	7	12	260.0
3	8	12	233.0
3	9	12	225.0
4	0	12	295.0
4	1	12	283.0
4	2	12	296.0
4	3	12	248.0
4	4	12	255.0
4	5	12	273.0
4	6	12	301.0
4	7	12	279.0
4	8	12	283.0
4	9	12	292.0
5	0	12	818.0
5	1	12	887.0
5	2	12	948.0
5	3	12	996.0
5	4	12	989.0
5	5	12	1030.0
5	6	12	1026.0
5	7	12	1083.0
5	8	12	1188.0
5	9	12	1289.0
6	0	12	2417.0
6	1	12	2482.0
6	2	12	2572.0
6	3	12	2704.0
6	4	12	2575.0
6	5	12	2519.0
6	6	12	2373.0
6	7	12	2389.0
6	8	12	2535.0
6	9	12	2687.0
7	0	12	4915.0
7	1	12	4531.0
7	2	12	4450.0
7	3	12	4529.0
7	4	12	4502.0
7	5	12	4308.0
7	6	12	4214.0
7	7	12	4270.0
7	8	12	4229.0
7	9	12	4078.0
8	0	12	7352.0
8	1	12	6800.0
8	2	12	6281.0
8	3	12	5879.0
8	4	12	5885.0
8	5	12	5876.0
8	6	12	6272.0
8	7	12	6352.0
8	8	12	6315.0
8	9	12	6262.0
9	0	12	8730.0
9	1	12	8267.0
9	2	12	7236.0
9	3	12	6514.0
9	4	12	6249.0
9	5	12	6319.0
9	6	12	6739.0
9	7	12	7071.0
9	8	12	7377.0
9	9	12	7666.0
0	0	13	138.0
0	1	13	140.0
0	2	13	143.0
0	3	13	140.0
0	4	13	152.0
0	5	13	155.0
0	6	13	147.0
0	7	13	151.0
0	8	13	151.0
0	9	13	151.0
1	0	13	125.0
1	1	13	157.0
1	2	13	150.0
1	3	13	137.0
1	4	13	177.0
1	5	13	157.0
1	6	13	160.0
1	7	13	153.0
1	8	13	165.0
1	9	13	157.0
2	0	13	129.0
2	1	13	141.0
2	2	13	159.0
2	3	13	153.0
2	4	13	156.0
2	5	13	179.0
2	6	13	187.0
2	7	13	170.0
2	8	13	159.0
2	9	13	149.0
3	0	13	148.0
3	1	13	143.0
3	2	13	165.0
3	3	13	194.0
3	4	13	234.0
3	5	13	222.0
3	6	13	223.0
3	7	13	202.0
3	8	13	207.0
3	9	13	200.0
4	0	13	634.0
4	1	13	589.0
4	2	13	570.0
4	3	13	623.0
4	4	13	620.0
4	5	13	621.0
4	6	13	665.0
4	7	13	723.0
4	8	13	738.0
4	9	13	725.0
5	0	13	1913.0
5	1	13	1815.0
5	2	13	1764.0
5	3	13	1756.0
5	4	13	1780.0
5	5	13	1821.0
5	6	13	1887.0
5	7	13	1893.0
5	8	13	1886.0
5	9	13	1779.0
6	0	13	3615.0
6	1	13	3613.0
6	2	13	3506.0
6	3	13	3284.0
6	4	13	3161.0
6	5	13	3194.0
6	6	13	3146.0
6	7	13	3161.0
6	8	13	3167.0
6	9	13	3115.0
7	0	13	4104.0
7	1	13	4349.0
7	2	13	4302.0
7	3	13	4355.0
7	4	13	4276.0
7	5	13	4017.0
7	6	13	3632.0
7	7	13	3577.0
7	8	13	3638.0
7	9	13	3767.0
8	0	13	3988.0
8	1	13	4299.0
8	2	13	4294.0
8	3	13	4352.0
8	4	13	4360.0
8	5	13	4223.0
8	6	13	3893.0
8	7	13	3758.0
8	8	13	3643.0
8	9	13	3621.0
9	0	13	4385.0
9	1	13	4430.0
9	2	13	4232.0
9	3	13	3926.0
9	4	13	3902.0
9	5	13	4155.0
9	6	13	4145.0
9	7	13	3863.0
9	8	13	3646.0
9	9	13	3659.0
0	0	14	105.0
0	1	14	112.0
0	2	14	103.0
0	3	14	110.0
0	4	14	105.0
0	5	14	111.0
0	6	14	105.0
0	7	14	104.0
0	8	14	100.0
0	9	14	104.0
1	0	14	133.0
1	1	14	111.0
1	2	14	114.0
1	3	14	119.0
1	4	14	101.0
1	5	14	115.0
1	6	14	110.0
1	7	14	114.0
1	8	14	115.0
1	9	14	115.0
2	0	14	144.0
2	1	14	147.0
2	2	14	138.0
2	3	14	133.0
2	4	14	125.0
2	5	14	129.0
2	6	14	144.0
2	7	14	160.0
2	8	14	154.0
2	9	14	155.0
3	0	14	507.0
3	1	14	499.0
3	2	14	454.0
3	3	14	403.0
3	4	14	412.0
3	5	14	445.0
3	6	14	484.0
3	7	14	515.0
3	8	14	525.0
3	9	14	541.0
4	0	14	1420.0
4	1	14	1453.0
4	2	14	1382.0
4	3	14	1277.0
4	4	14	1315.0
4	5	14	1319.0
4	6	14	1323.0
4	7	14	1326.0
4	8	14	1293.0
4	9	14	1294.0
5	0	14	2330.0
5	1	14	2341.0
5	2	14	2224.0
5	3	14	2128.0
5	4	14	2140.0
5	5	14	2104.0
5	6	14	2061.0
5	7	14	2024.0
5	8	14	1962.0
5	9	14	1898.0
6	0	14	2755.0
6	1	14	2562.0
6	2	14	2369.0
6	3	14	2362.0
6	4	14	2370.0
6	5	14	2309.0
6	6	14	2388.0
6	7	14	2454.0
6	8	14	2384.0
6	9	14	2265.0
7	0	14	2338.0
7	1	14	2352.0
7	2	14	2329.0
7	3	14	2310.0
7	4	14	2213.0
7	5	14	2252.0
7	6	14	2407.0
7	7	14	2383.0
7	8	14	2330.0
7	9	14	2349.0
8	0	14	1636.0
8	1	14	1796.0
8	2	14	2046.0
8	3	14	2189.0
8	4	14	2172.0
8	5	14	2255.0
8	6	14	2288.0
8	7	14	2159.0
8	8	14	2165.0
8	9	14	2124.0
9	0	14	1240.0
9	1	14	1368.0
9	2	14	1645.0
9	3	14	2070.0
9	4	14	2315.0
9	5	14	2293.0
9	6	14	2238.0
9	7	14	2330.0
9	8	14	2261.0
9	9	14	1958.0
0	0	15	86.0
0	1	15	82.0
0	2	15	93.0
0	3	15	90.0
0	4	15	93.0
0	5	15	90.0
0	6	15	89.0
0	7	15	85.0
0	8	15	86.0
0	9	15	73.0
1	0	15	97.0
1	1	15	105.0
1	2	15	94.0
1	3	15	106.0
1	4	15	113.0
1	5	15	115.0
1	6	15	111.0
1	7	15	112.0
1	8	15	94.0
1	9	15	111.0
2	0	15	381.0
2	1	15	354.0
2	2	15	357.0
2	3	15	364.0
2	4	15	357.0
2	5	15	370.0
2	6	15	359.0
2	7	15	338.0
2	8	15	344.0
2	9	15	337.0
3	0	15	965.0
3	1	15	986.0
3	2	15	1064.0
3	3	15	1079.0
3	4	15	1037.0
3	5	15	981.0
3	6	15	906.0
3	7	15	848.0
3	8	15	856.0
3	9	15	877.0
4	0	15	1375.0
4	1	15	1437.0
4	2	15	1572.0
4	3	15	1624.0
4	4	15	1558.0
4	5	15	1488.0
4	6	15	1399.0
4	7	15	1320.0
4	8	15	1379.0
4	9	15	1401.0
5	0	15	1363.0
5	1	15	1451.0
5	2	15	1555.0
5	3	15	1608.0
5	4	15	1583.0
5	5	15	1581.0
5	6	15	1561.0
5	7	15	1477.0
5	8	15	1450.0
5	9	15	1540.0
6	0	15	1030.0
6	1	15	1146.0
6	2	15	1235.0
6	3	15	1263.0
6	4	15	1352.0
6	5	15	1494.0
6	6	15	1538.0
6	7	15	1434.0
6	8	15	1400.0
6	9	15	1505.0
7	0	15	792.0
7	1	15	843.0
7	2	15	900.0
7	3	15	943.0
7	4	15	1101.0
7	5	15	1208.0
7	6	15	1312.0
7	7	15	1379.0
7	8	15	1503.0
7	9	15	1547.0
8	0	15	938.0
8	1	15	869.0
8	2	15	843.0
8	3	15	824.0
8	4	15	844.0
8	5	15	868.0
8	6	15	1014.0
8	7	15	1272.0
8	8	15	1498.0
8	9	15	1599.0
9	0	15	1148.0
9	1	15	952.0
9	2	15	892.0
9	3	15	788.0
9	4	15	670.0
9	5	15	710.0
9	6	15	929.0
9	7	15	1212.0
9	8	15	1478.0
9	9	15	1608.0
0	0	16	91.0
0	1	16	87.0
0	2	16	87.0
0	3	16	89.0
0	4	16	81.0
0	5	16	81.0
0	6	16	85.0
0	7	16	91.0
0	8	16	97.0
0	9	16	105.0
1	0	16	272.0
1	1	16	281.0
1	2	16	294.0
1	3	16	288.0
1	4	16	303.0
1	5	16	276.0
1	6	16	258.0
1	7	16	256.0
1	8	16	269.0
1	9	16	264.0
2	0	16	744.0
2	1	16	757.0
2	2	16	750.0
2	3	16	746.0
2	4	16	748.0
2	5	16	706.0
2	6	16	684.0
2	7	16	705.0
2	8	16	673.0
2	9	16	653.0
3	0	16	1071.0
3	1	16	1050.0
3	2	16	1000.0
3	3	16	1020.0
3	4	16	1020.0
3	5	16	1031.0
3	6	16	1084.0
3	7	16	1090.0
3	8	16	1053.0
3	9	16	1005.0
4	0	16	925.0
4	1	16	917.0
4	2	16	919.0
4	3	16	939.0
4	4	16	956.0
4	5	16	1027.0
4	6	16	1091.0
4	7	16	1134.0
4	8	16	1068.0
4	9	16	1080.0
5	0	16	763.0
5	1	16	692.0
5	2	16	726.0
5	3	16	751.0
5	4	16	774.0
5	5	16	767.0
5	6	16	842.0
5	7	16	956.0
5	8	16	990.0
5	9	16	1008.0
6	0	16	758.0
6	1	16	693.0
6	2	16	664.0
6	3	16	630.0
6	4	16	636.0
6	5	16	630.0
6	6	16	662.0
6	7	16	745.0
6	8	16	813.0
6	9	16	802.0
7	0	16	745.0
7	1	16	720.0
7	2	16	731.0
7	3	16	736.0
7	4	16	692.0
7	5	16	643.0
7	6	16	601.0
7	7	16	585.0
7	8	16	515.0
7	9	16	496.0
8	0	16	645.0
8	1	16	702.0
8	2	16	772.0
8	3	16	865.0
8	4	16	835.0
8	5	16	689.0
8	6	16	593.0
8	7	16	477.0
8	8	16	339.0
8	9	16	277.0
9	0	16	543.0
9	1	16	696.0
9	2	16	815.0
9	3	16	911.0
9	4	16	881.0
9	5	16	734.0
9	6	16	610.0
9	7	16	420.0
9	8	16	261.0
9	9	16	173.0
0	0	17	176.0
0	1	17	188.0
0	2	17	204.0
0	3	17	213.0
0	4	17	231.0
0	5	17	224.0
0	6	17	217.0
0	7	17	205.0
0	8	17	192.0
0	9	17	180.0
1	0	17	521.0
1	1	17	518.0
1	2	17	505.0
1	3	17	492.0
1	4	17	489.0
1	5	17	527.0
1	6	17	528.0
1	7	17	517.0
1	8	17	504.0
1	9	17	505.0
2	0	17	673.0
2	1	17	680.0
2	2	17	684.0
2	3	17	667.0
2	4	17	687.0
2	5	17	717.0
2	6	17	735.0
2	7	17	709.0
2	8	17	734.0
2	9	17	729.0
3	0	17	576.0
3	1	17	572.0
3	2	17	573.0
3	3	17	580.0
3	4	17	614.0
3	5	17	638.0
3	6	17	646.0
3	7	17	697.0
3	8	17	720.0
3	9	17	718.0
4	0	17	508.0
4	1	17	478.0
4	2	17	464.0
4	3	17	467.0
4	4	17	486.0
4	5	17	497.0
4	6	17	493.0
4	7	17	542.0
4	8	17	558.0
4	9	17	529.0
5	0	17	418.0
5	1	17	502.0
5	2	17	511.0
5	3	17	516.0
5	4	17	515.0
5	5	17	497.0
5	6	17	414.0
5	7	17	342.0
5	8	17	340.0
5	9	17	299.0
6	0	17	443.0
6	1	17	501.0
6	2	17	509.0
6	3	17	533.0
6	4	17	489.0
6	5	17	456.0
6	6	17	370.0
6	7	17	283.0
6	8	17	224.0
6	9	17	193.0
7	0	17	530.0
7	1	17	506.0
7	2	17	457.0
7	3	17	416.0
7	4	17	396.0
7	5	17	374.0
7	6	17	342.0
7	7	17	303.0
7	8	17	261.0
7	9	17	213.0
8	0	17	549.0
8	1	17	517.0
8	2	17	430.0
8	3	17	316.0
8	4	17	280.0
8	5	17	307.0
8	6	17	312.0
8	7	17	320.0
8	8	17	333.0
8	9	17	267.0
9	0	17	558.0
9	1	17	529.0
9	2	17	406.0
9	3	17	291.0
9	4	17	220.0
9	5	17	275.0
9	6	17	303.0
9	7	17	335.0
9	8	17	367.0
9	9	17	318.0
0	0	18	520.0
0	1	18	506.0
0	2	18	500.0
0	3	18	500.0
0	4	18	480.0
0	5	18	483.0
0	6	18	496.0
0	7	18	521.0
0	8	18	538.0
0	9	18	553.0
1	0	18	488.0
1	1	18	489.0
1	2	18	503.0
1	3	18	511.0
1	4	18	499.0
1	5	18	466.0
1	6	18	480.0
1	7	18	503.0
1	8	18	528.0
1	9	18	551.0
2	0	18	430.0
2	1	18	434.0
2	2	18	447.0
2	3	18	439.0
2	4	18	437.0
2	5	18	442.0
2	6	18	456.0
2	7	18	473.0
2	8	18	493.0
2	9	18	517.0
3	0	18	323.0
3	1	18	362.0
3	2	18	376.0
3	3	18	375.0
3	4	18	379.0
3	5	18	374.0
3	6	18	341.0
3	7	18	318.0
3	8	18	321.0
3	9	18	325.0
4	0	18	357.0
4	1	18	379.0
4	2	18	358.0
4	3	18	351.0
4	4	18	343.0
4	5	18	319.0
4	6	18	278.0
4	7	18	240.0
4	8	18	211.0
4	9	18	176.0
5	0	18	378.0
5	1	18	349.0
5	2	18	305.0
5	3	18	261.0
5	4	18	231.0
5	5	18	215.0
5	6	18	229.0
5	7	18	237.0
5	8	18	222.0
5	9	18	222.0
6	0	18	266.0
6	1	18	255.0
6	2	18	249.0
6	3	18	229.0
6	4	18	192.0
6	5	18	173.0
6	6	18	193.0
6	7	18	239.0
6	8	18	272.0
6	9	18	280.0
7	0	18	150.0
7	1	18	164.0
7	2	18	187.0
7	3	18	204.0
7	4	18	204.0
7	5	18	194.0
7	6	18	193.0
7	7	18	232.0
7	8	18	254.0
7	9	18	279.0
8	0	18	99.0
8	1	18	109.0
8	2	18	146.0
8	3	18	189.0
8	4	18	211.0
8	5	18	202.0
8	6	18	213.0
8	7	18	217.0
8	8	18	211.0
8	9	18	258.0
9	0	18	84.0
9	1	18	94.0
9	2	18	127.0
9	3	18	177.0
9	4	18	202.0
9	5	18	197.0
9	6	18	207.0
9	7	18	204.0
9	8	18	188.0
9	9	18	239.0
0	0	19	484.0
0	1	19	482.0
0	2	19	475.0
0	3	19	469.0
0	4	19	486.0
0	5	19	482.0
0	6	19	471.0
0	7	19	460.0
0	8	19	482.0
0	9	19	489.0
1	0	19	328.0
1	1	19	307.0
1	2	19	300.0
1	3	19	322.0
1	4	19	325.0
1	5	19	338.0
1	6	19	353.0
1	7	19	347.0
1	8	19	347.0
1	9	19	329.0
2	0	19	206.0
2	1	19	204.0
2	2	19	204.0
2	3	19	227.0
2	4	19	216.0
2	5	19	201.0
2	6	19	197.0
2	7	19	190.0
2	8	19	173.0
2	9	19	161.0
3	0	19	218.0
3	1	19	202.0
3	2	19	187.0
3	3	19	176.0
3	4	19	157.0
3	5	19	123.0
3	6	19	135.0
3	7	19	132.0
3	8	19	133.0
3	9	19	134.0
4	0	19	147.0
4	1	19	138.0
4	2	19	141.0
4	3	19	144.0
4	4	19	127.0
4	5	19	110.0
4	6	19	122.0
4	7	19	130.0
4	8	19	136.0
4	9	19	152.0
5	0	19	69.0
5	1	19	64.0
5	2	19	77.0
5	3	19	95.0
5	4	19	121.0
5	5	19	133.0
5	6	19	135.0
5	7	19	126.0
5	8	19	120.0
5	9	19	114.0
6	0	19	45.0
6	1	19	45.0
6	2	19	58.0
6	3	19	84.0
6	4	19	113.0
6	5	19	127.0
6	6	19	143.0
6	7	19	123.0
6	8	19	102.0
6	9	19	91.0
7	0	19	43.0
7	1	19	52.0
7	2	19	64.0
7	3	19	76.0
7	4	19	87.0
7	5	19	108.0
7	6	19	122.0
7	7	19	110.0
7	8	19	110.0
7	9	19	89.0
8	0	19	36.0
8	1	19	49.0
8	2	19	63.0
8	3	19	74.0
8	4	19	72.0
8	5	19	93.0
8	6	19	96.0
8	7	19	110.0
8	8	19	111.0
8	9	19	96.0
9	0	19	42.0
9	1	19	54.0
9	2	19	70.0
9	3	19	66.0
9	4	19	66.0
9	5	19	84.0
9	6	19	91.0
9	7	19	109.0
9	8	19	113.0
9	9	19	92.0
0	0	20	265.0
0	1	20	284.0
0	2	20	290.0
0	3	20	272.0
0	4	20	273.0
0	5	20	274.0
0	6	20	284.0
0	7	20	277.0
0	8	20	258.0
0	9	20	251.0
1	0	20	199.0
1	1	20	223.0
1	2	20	220.0
1	3	20	203.0
1	4	20	222.0
1	5	20	218.0
1	6	20	216.0
1	7	20	187.0
1	8	20	177.0
1	9	20	182.0
2	0	20	111.0
2	1	20	115.0
2	2	20	113.0
2	3	20	102.0
2	4	20	102.0
2	5	20	105.0
2	6	20	111.0
2	7	20	111.0
2	8	20	111.0
2	9	20	120.0
3	0	20	37.0
3	1	20	37.0
3	2	20	47.0
3	3	20	63.0
3	4	20	69.0
3	5	20	80.0
3	6	20	77.0
3	7	20	75.0
3	8	20	59.0
3	9	20	58.0
4	0	20	35.0
4	1	20	40.0
4	2	20	43.0
4	3	20	45.0
4	4	20	48.0
4	5	20	57.0
4	6	20	55.0
4	7	20	55.0
4	8	20	56.0
4	9	20	48.0
5	0	20	41.0
5	1	20	44.0
5	2	20	44.0
5	3	20	48.0
5	4	20	36.0
5	5	20	29.0
5	6	20	27.0
5	7	20	40.0
5	8	20	44.0
5	9	20	47.0
6	0	20	37.0
6	1	20	38.0
6	2	20	32.0
6	3	20	21.0
6	4	20	19.0
6	5	20	18.0
6	6	20	17.0
6	7	20	16.0
6	8	20	31.0
6	9	20	35.0
7	0	20	34.0
7	1	20	32.0
7	2	20	23.0
7	3	20	19.0
7	4	20	16.0
7	5	20	16.0
7	6	20	13.0
7	7	20	16.0
7	8	20	16.0
7	9	20	30.0
8	0	20	42.0
8	1	20	33.0
8	2	20	23.0
8	3	20	20.0
8	4	20	18.0
8	5	20	16.0
8	6	20	16.0
8	7	20	18.0
8	8	20	16.0
8	9	20	24.0
9	0	20	42.0
9	1	20	34.0
9	2	20	28.0
9	3	20	25.0
9	4	20	23.0
9	5	20	21.0
9	6	20	22.0
9	7	20	18.0
9	8	20	19.0
9	9	20	23.0
0	0	21	121.0
0	1	21	120.0
0	2	21	123.0
0	3	21	135.0
0	4	21	132.0
0	5	21	129.0
0	6	21	112.0
0	7	21	113.0
0	8	21	110.0
0	9	21	105.0
1	0	21	133.0
1	1	21	122.0
1	2	21	123.0
1	3	21	128.0
1	4	21	122.0
1	5	21	128.0
1	6	21	134.0
1	7	21	146.0
1	8	21	146.0
1	9	21	149.0
2	0	21	93.0
2	1	21	92.0
2	2	21	95.0
2	3	21	99.0
2	4	21	105.0
2	5	21	106.0
2	6	21	100.0
2	7	21	94.0
2	8	21	92.0
2	9	21	94.0
3	0	21	50.0
3	1	21	55.0
3	2	21	51.0
3	3	21	41.0
3	4	21	35.0
3	5	21	30.0
3	6	21	30.0
3	7	21	35.0
3	8	21	47.0
3	9	21	48.0
4	0	21	33.0
4	1	21	25.0
4	2	21	25.0
4	3	21	21.0
4	4	21	21.0
4	5	21	19.0
4	6	21	18.0
4	7	21	16.0
4	8	21	16.0
4	9	21	14.0
5	0	21	14.0
5	1	21	12.0
5	2	21	9.0
5	3	21	8.0
5	4	21	7.0
5	5	21	10.0
5	6	21	11.0
5	7	21	12.0
5	8	21	10.0
5	9	21	9.0
6	0	21	10.0
6	1	21	9.0
6	2	21	6.0
6	3	21	6.0
6	4	21	7.0
6	5	21	10.0
6	6	21	9.0
6	7	21	11.0
6	8	21	11.0
6	9	21	9.0
7	0	21	8.0
7	1	21	6.0
7	2	21	5.0
7	3	21	4.0
7	4	21	3.0
7	5	21	4.0
7	6	21	7.0
7	7	21	9.0
7	8	21	10.0
7	9	21	11.0
8	0	21	10.0
8	1	21	7.0
8	2	21	7.0
8	3	21	7.0
8	4	21	6.0
8	5	21	7.0
8	6	21	8.0
8	7	21	10.0
8	8	21	11.0
8	9	21	12.0
9	0	21	11.0
9	1	21	8.0
9	2	21	8.0
9	3	21	9.0
9	4	21	10.0
9	5	21	9.0
9	6	21	11.0
9	7	21	12.0
9	8	21	12.0
9	9	21	14.0
0	0	22	25.0
0	1	22	30.0
0	2	22	27.0
0	3	22	32.0
0	4	22	34.0
0	5	22	37.0
0	6	22	37.0
0	7	22	39.0
0	8	22	39.0
0	9	22	38.0
1	0	22	47.0
1	1	22	52.0
1	2	22	51.0
1	3	22	53.0
1	4	22	47.0
1	5	22	48.0
1	6	22	42.0
1	7	22	42.0
1	8	22	41.0
1	9	22	34.0
2	0	22	54.0
2	1	22	55.0
2	2	22	52.0
2	3	22	46.0
2	4	22	44.0
2	5	22	47.0
2	6	22	48.0
2	7	22	47.0
2	8	22	48.0
2	9	22	48.0
3	0	22	27.0
3	1	22	27.0
3	2	22	28.0
3	3	22	24.0
3	4	22	27.0
3	5	22	31.0
3	6	22	33.0
3	7	22	30.0
3	8	22	28.0
3	9	22	27.0
4	0	22	6.0
4	1	22	5.0
4	2	22	5.0
4	3	22	5.0
4	4	22	4.0
4	5	22	5.0
4	6	22	7.0
4	7	22	8.0
4	8	22	8.0
4	9	22	10.0
5	1	22	1.0
5	2	22	1.0
5	3	22	2.0
5	4	22	2.0
5	5	22	2.0
5	6	22	1.0
5	7	22	1.0
5	8	22	2.0
5	9	22	3.0
6	0	22	2.0
6	1	22	1.0
6	2	22	1.0
6	3	22	1.0
6	4	22	1.0
6	6	22	1.0
6	7	22	1.0
6	8	22	2.0
6	9	22	4.0
7	0	22	4.0
7	1	22	4.0
7	2	22	4.0
7	3	22	4.0
7	4	22	3.0
7	5	22	3.0
7	6	22	3.0
7	7	22	4.0
7	8	22	4.0
7	9	22	4.0
8	1	22	1.0
8	4	22	1.0
8	6	22	1.0
8	7	22	1.0
9	1	22	2.0
9	2	22	1.0
9	7	22	1.0
9	8	22	1.0
9	9	22	1.0
0	0	23	7.0
0	1	23	9.0
0	2	23	9.0
0	3	23	8.0
0	4	23	4.0
0	5	23	4.0
0	6	23	3.0
0	7	23	2.0
0	8	23	1.0
0	9	23	4.0
1	0	23	7.0
1	1	23	6.0
1	2	23	7.0
1	3	23	7.0
1	4	23	9.0
1	5	23	8.0
1	6	23	9.0
1	7	23	9.0
1	8	23	8.0
1	9	23	8.0
2	0	23	16.0
2	1	23	14.0
2	2	23	17.0
2	3	23	20.0
2	4	23	18.0
2	5	23	15.0
2	6	23	16.0
2	7	23	17.0
2	8	23	16.0
2	9	23	16.0
3	0	23	20.0
3	1	23	17.0
3	2	23	17.0
3	3	23	19.0
3	4	23	19.0
3	5	23	18.0
3	6	23	16.0
3	7	23	18.0
3	8	23	17.0
3	9	23	20.0
4	0	23	8.0
4	1	23	8.0
4	2	23	6.0
4	3	23	8.0
4	4	23	8.0
4	5	23	7.0
4	6	23	7.0
4	7	23	8.0
4	8	23	8.0
4	9	23	9.0
0	9	24	1.0
2	0	24	1.0
2	1	24	1.0
2	2	24	1.0
2	3	24	1.0
2	4	24	1.0
2	8	24	2.0
2	9	24	2.0
3	0	24	2.0
3	1	24	4.0
3	2	24	4.0
3	3	24	3.0
3	4	24	3.0
3	5	24	3.0
3	6	24	3.0
3	7	24	2.0
3	8	24	3.0
3	9	24	3.0
4	0	24	5.0
4	1	24	5.0
4	2	24	5.0
4	3	24	4.0
4	4	24	4.0
4	5	24	4.0
4	6	24	5.0
4	7	24	4.0
4	8	24	3.0
4	9	24	3.0
5	0	24	2.0
5	1	24	2.0
5	2	24	2.0
5	3	24	3.0
5	4	24	3.0
5	5	24	3.0
5	6	24	3.0
5	7	24	3.0
5	8	24	3.0
5	9	24	3.0
8	1	25	1.0
8	2	25	2.0
8	3	25	5.0
8	4	25	7.0
8	5	25	5.0
8	6	25	2.0
8	7	25	1.0
7	3	26	1.0
7	4	26	1.0
7	5	26	1.0
9	3	26	1.0
9	4	26	1.0
9	5	26	1.0
8	0	28	2.0
8	1	28	2.0
8	2	28	2.0
9	0	28	15.0
9	1	28	14.0
9	2	28	12.0
9	3	28	5.0
9	4	28	3.0
9	5	28	2.0
8	0	29	5.0
8	1	29	3.0
8	2	29	3.0
8	3	29	4.0
8	4	29	1.0
8	5	29	1.0
8	6	29	1.0
9	0	29	15.0
9	1	29	12.0
9	2	29	10.0
9	3	29	9.0
9	4	29	4.0
9	5	29	2.0
9	6	29	2.0
9	7	29	1.0
8	1	30	1.0
8	2	30	1.0
8	4	30	1.0
8	5	30	1.0
9	1	30	1.0
9	2	30	1.0
9	3	30	1.0
9	4	30	2.0
9	5	30	1.0
9	6	30	1.0
9	7	30	1.0
8	0	50	1.0
8	1	50	1.0
8	2	50	1.0
8	3	50	1.0
8	4	50	1.0
8	5	50	1.0
8	6	50	1.0
6	2	53	1.0
6	3	53	6.0
6	4	53	24.0
6	5	53	6.0
6	6	53	1.0
8	6	57	1.0
8	7	57	1.0
8	8	57	1.0
